0 0.204253 0.555895 0.0226901 0.148915 0.000554844 89.3075 0.0331339 0.000915034 0.027404 
1 0.257616 0.767669 0.0265559 0.138579 0.000485282 84.3031 0.055343 0.00107945 0.0327981 
2 0.258321 0.85246 0.0265559 0.138403 0.000449047 51.4025 0.0558506 0.00112479 0.0341165 
3 0.34475 0.980777 0.0429978 0.136624 0.000493241 50.7408 0.0647023 0.00119292 0.0546223 
4 0.63794 1.01056 0.0430874 0.135231 0.000504558 51.307 0.0967933 0.00119262 0.0547232 
5 0.637469 1.08774 0.0490998 0.134187 0.000544156 57.7272 0.0983315 0.00125575 0.0549113 
6 0.642905 1.09848 0.0516895 0.132128 0.00054035 56.2892 0.102846 0.00125583 0.0564683 
7 0.643885 1.22312 0.0517306 0.123445 0.000533515 47.4002 0.110357 0.00126977 0.0577737 
8 0.659784 1.2413 0.052056 0.124438 0.000534132 42.4077 0.117965 0.00126969 0.0601546 
9 0.665642 1.2409 0.0557247 0.12455 0.000588083 45.5933 0.117906 0.00129685 0.0731327 
10 0.799538 1.05598 0.0551511 0.0913625 0.000614977 68.5346 0.128138 0.000928851 0.0928831 
11 1.03985 1.10383 0.0642926 0.0900256 0.000560643 70.2297 0.14038 0.000810606 0.090958 
12 1.14468 1.00895 0.0635755 0.09002 0.000651115 75.5886 0.14424 0.000812762 0.0942219 
13 1.13282 0.921503 0.0427522 0.0766271 0.000838339 96.0915 0.143717 0.000901708 0.0765416 
14 1.11763 0.870882 0.0419292 0.0736475 0.00086384 99.8471 0.125696 0.000923982 0.0776215 
15 1.12048 0.799916 0.0419137 0.0847221 0.00099606 102.566 0.130715 0.00105938 0.0780087 
16 1.11719 0.786466 0.0454918 0.0838622 0.00101679 103.162 0.128075 0.00105982 0.0788306 
17 1.12523 0.595536 0.050405 0.063953 0.00101728 103.263 0.121372 0.00104898 0.0839784 
18 1.14048 0.591296 0.0487841 0.0676545 0.00121259 108.423 0.122439 0.00109151 0.083024 
19 1.19121 0.594327 0.0487841 0.0641595 0.00122825 116.571 0.125726 0.0010694 0.0829853 
20 1.09886 0.713927 0.0593689 0.0615902 0.0011634 103.017 0.104221 0.00121212 0.0756467 
21 0.889671 0.474996 0.0526987 0.0839841 0.00122001 101.481 0.0999853 0.00130268 0.0768496 
22 0.971979 0.474017 0.0542988 0.0886664 0.00118772 97.8394 0.0916644 0.00119826 0.0750251 
23 1.11297 0.465289 0.0668736 0.118167 0.00121832 89.4883 0.0927047 0.00121147 0.0762209 
24 1.10759 0.625317 0.0810851 0.119728 0.00117426 93.9086 0.0948313 0.00144948 0.1105 
25 1.11534 0.621098 0.0778219 0.119183 0.0011103 90.3332 0.0913402 0.00144339 0.113842 
26 1.13597 0.677442 0.0894752 0.116189 0.00105351 90.1467 0.100746 0.00142435 0.115848 
27 1.14029 0.792362 0.103452 0.124332 0.00106167 91.0483 0.10558 0.00165565 0.1335 
28 1.05763 0.727153 0.103272 0.127909 0.000912345 85.0885 0.0970203 0.00169578 0.133417 
29 1.04965 0.855543 0.0986435 0.125757 0.000804842 70.1357 0.0936807 0.00170376 0.12327 
30 1.08404 0.793919 0.102918 0.0851306 0.00128964 60.4493 0.0912472 0.00167218 0.124134 
31 1.08784 0.824721 0.105417 0.0839039 0.00116132 47.526 0.0791434 0.00162626 0.126043 
32 0.662206 0.936798 0.105408 0.0921546 0.00119057 46.9998 0.0693487 0.00174186 0.127794 
33 1.36488 1.21647 0.102962 0.0934554 0.00118384 54.0179 0.0800298 0.00190708 0.128499 
34 1.31228 1.09697 0.0736972 0.0784151 0.00104581 52.4086 0.0855252 0.00159117 0.074801 
35 1.32356 1.08592 0.0765921 0.0826907 0.00104845 50.3873 0.0868706 0.00164685 0.0746134 
36 1.287 0.992709 0.07068 0.0849313 0.000972909 45.6363 0.0799902 0.00138639 0.0773431 
37 1.30088 0.979425 0.0578842 0.0878636 0.0009252 37.9429 0.0781405 0.00143951 0.0533996 
38 1.29859 1.00085 0.0579719 0.0898504 0.00094662 36.8482 0.07721 0.00152697 0.0530508 
39 1.30302 0.983295 0.0707137 0.0892154 0.000987745 36.8576 0.0807659 0.00167815 0.0670813 
40 1.24493 1.10144 0.0564378 0.124998 0.00156873 32.407 0.102228 0.00252164 0.0604732 
41 1.32548 1.20977 0.0557988 0.136573 0.00171904 23.3426 0.101882 0.00297804 0.0593029 
42 1.2532 1.20578 0.055474 0.166833 0.00199543 24.0183 0.124592 0.00338816 0.0546611 
43 0.905295 1.10784 0.0570254 0.163695 0.00197844 38.0601 0.135318 0.00352371 0.0883689 
44 0.822182 1.18597 0.0578654 0.160109 0.00194648 37.9906 0.137677 0.00362817 0.0917141 
45 0.846024 1.19766 0.054354 0.171793 0.0021381 39.4443 0.156068 0.00363815 0.0955301 
46 0.896941 1.20027 0.054668 0.172081 0.00217842 40.1175 0.166512 0.00370088 0.0912308 
47 0.828874 1.23243 0.0467049 0.170986 0.00220458 48.0984 0.168849 0.00383278 0.0886685 
48 0.829446 1.29937 0.0455704 0.171802 0.0022459 49.4262 0.168338 0.00402496 0.0866177 
49 0.841007 1.29044 0.0347578 0.166961 0.00221416 54.0226 0.162172 0.0039413 0.0868958 
50 0.816909 1.19369 0.0376332 0.143353 0.00192437 53.4584 0.155519 0.00352098 0.0881065 
51 0.876671 1.16831 0.038473 0.140187 0.00194504 61.0297 0.154677 0.0032093 0.0931898 
52 0.876247 1.02053 0.0403616 0.109698 0.00170356 64.6287 0.145602 0.00248287 0.0961181 
53 0.727804 0.926801 0.0444234 0.109691 0.00170223 60.2511 0.126295 0.00231157 0.0746512 
54 0.696181 0.832399 0.0424025 0.106317 0.00166294 61.1605 0.104165 0.0020587 0.0692672 
55 0.700254 0.780592 0.044446 0.111455 0.00176148 58.2498 0.110719 0.00227379 0.0662663 
56 0.684971 0.803525 0.0437335 0.109288 0.00168572 56.2118 0.096783 0.002261 0.0631099 
57 0.683513 0.687886 0.0585159 0.105903 0.00160314 58.1709 0.0913655 0.00188868 0.0851308 
58 0.702368 0.736226 0.0588944 0.0997967 0.001511 56.5134 0.0928953 0.0015708 0.0835394 
59 0.713548 0.716838 0.0650837 0.0999249 0.00150904 56.5258 0.096506 0.00161836 0.0821512 
60 0.571115 0.708796 0.0635206 0.129426 0.00163047 100.19 0.100254 0.00141365 0.0858836 
61 0.428555 0.647904 0.0614561 0.138308 0.00162767 98.2138 0.110637 0.00192086 0.0788067 
62 0.475634 0.642323 0.0611929 0.143882 0.00166286 90.0719 0.108369 0.00194495 0.0760423 
63 0.596829 0.754182 0.055028 0.147709 0.00165453 70.7946 0.141282 0.00201868 0.0736298 
64 0.571396 0.816789 0.0654146 0.135676 0.00135172 74.6132 0.161828 0.00201838 0.074451 
65 0.538196 0.832521 0.064528 0.112394 0.000989035 74.4037 0.143008 0.0019711 0.0758025 
66 0.51572 0.837996 0.0677324 0.102618 0.00115196 57.3697 0.145196 0.00193614 0.0724665 
67 0.573783 0.862279 0.0581873 0.104068 0.00114164 48.6018 0.146437 0.00200524 0.0530632 
68 0.557156 0.913378 0.0615244 0.0945917 0.00110124 46.1517 0.146397 0.00196147 0.0737246 
69 0.979816 1.2547 0.054714 0.0838064 0.000990833 51.1837 0.147721 0.00218363 0.0796375 
70 1.07193 1.32216 0.0582232 0.0822282 0.000986779 52.1321 0.149155 0.00195283 0.0861332 
71 1.18601 1.30338 0.077406 0.114442 0.00129548 53.9649 0.14641 0.00180651 0.0905126 
72 1.16893 1.31343 0.0762617 0.113724 0.0012858 51.3393 0.142964 0.00178037 0.0926597 
73 1.19588 1.23075 0.0793661 0.114956 0.00122433 52.2877 0.113897 0.00171225 0.0910375 
74 1.30475 1.35304 0.0659023 0.127531 0.00133326 54.7314 0.0779679 0.00207501 0.0929423 
75 1.30612 1.35445 0.0566997 0.129066 0.00141574 54.5975 0.0786676 0.00213212 0.0803669 
76 1.30549 1.39778 0.0568122 0.125327 0.00129818 54.8307 0.0715934 0.0021455 0.0796287 
77 1.2892 1.39634 0.0475238 0.128395 0.0012792 52.7443 0.0720088 0.00207354 0.0636463 
78 1.31138 1.29316 0.0479019 0.131983 0.00131027 51.676 0.0879228 0.00209072 0.0609482 
79 0.929007 1.06441 0.0445245 0.156693 0.00140319 47.6651 0.102277 0.00198847 0.061244 
80 0.909248 0.955427 0.0516125 0.151631 0.0013992 56.0572 0.0884055 0.00198723 0.0801998 
81 0.829238 0.941928 0.045226 0.14049 0.00127302 53.9575 0.0876153 0.0019494 0.0852433 
82 0.900632 1.02162 0.0466065 0.144137 0.00127612 65.6048 0.0874196 0.00204357 0.082674 
83 0.779413 0.97574 0.0475835 0.138142 0.00137402 71.1343 0.0874214 0.00194591 0.0949555 
84 0.583565 0.796195 0.0648421 0.139399 0.00139251 72.9685 0.130028 0.0016452 0.0913823 
85 0.583937 0.891416 0.0634444 0.13996 0.0013156 79.1884 0.129862 0.00162333 0.0942552 
86 0.606964 1.07759 0.0634444 0.140376 0.00131818 84.119 0.132104 0.00178719 0.0962808 
87 0.612049 1.09745 0.0699571 0.138978 0.00126994 84.2337 0.133237 0.0017419 0.101797 
88 0.582608 1.10516 0.0698212 0.135965 0.0012763 84.1502 0.12764 0.00178602 0.100942 
89 0.556937 1.13102 0.0691691 0.0790148 0.000804339 90.8271 0.109828 0.00130286 0.0996911 
90 0.549677 1.10199 0.0724427 0.146003 0.00224456 55.7581 0.128509 0.00171892 0.0932355 
91 0.502785 1.11365 0.0702009 0.139293 0.00217005 56.5898 0.1297 0.00171427 0.0916545 
92 0.636524 1.03951 0.0700073 0.0967956 0.00168176 57.7998 0.140569 0.00168849 0.0892027 
93 0.631962 1.03281 0.0649654 0.0914558 0.00169899 60.377 0.141912 0.00190885 0.0796442 
94 0.609496 1.09544 0.0405159 0.0917638 0.00169956 59.4164 0.112667 0.00194044 0.0790592 
95 0.61364 1.18221 0.027369 0.097229 0.00172478 59.9433 0.124355 0.00229725 0.0616122 
96 0.61364 0.85998 0.030162 0.0964566 0.00169079 60.1985 0.124438 0.00214907 0.0559198 
97 0.63368 0.860025 0.0315081 0.0925718 0.00144505 43.7189 0.125588 0.00216364 0.0505907 
98 0.634264 0.769027 0.0282729 0.0964046 0.00148815 31.6645 0.127478 0.00230403 0.0407861 
99 0.609926 0.75879 0.0279083 0.0957244 0.0014862 34.4635 0.123476 0.00230246 0.0414941 
100 0.623353 0.758495 0.0253918 0.0953552 0.00159526 31.1453 0.133949 0.00246238 0.0401283 
101 0.716964 0.909226 0.0313094 0.0986193 0.00161173 31.1263 0.135412 0.00271978 0.0369526 
102 0.675586 0.956043 0.0338983 0.0992536 0.00161126 37.5636 0.130984 0.00277425 0.0508802 
103 0.759101 0.917542 0.0402931 0.0963473 0.00157934 42.3035 0.14685 0.00261405 0.0456979 
104 0.764123 0.900476 0.0381067 0.0959776 0.00157698 42.6955 0.143241 0.00260957 0.0440562 
105 0.750355 0.767681 0.0446771 0.100386 0.00162297 43.087 0.139667 0.00234726 0.0469244 
106 0.74146 0.738012 0.0438263 0.103199 0.00164941 42.9079 0.142482 0.00236367 0.0463867 
107 0.734809 0.738312 0.0421021 0.101462 0.0015939 44.7413 0.137026 0.00234609 0.0498007 
108 0.732624 0.641506 0.0423488 0.101038 0.00157669 44.7692 0.12882 0.00204792 0.0493527 
109 0.900514 0.685721 0.0487543 0.0996236 0.00157073 43.924 0.139179 0.00210827 0.0634702 
110 0.890578 0.711946 0.0543013 0.0824746 0.00124357 49.4186 0.120971 0.00185797 0.0634536 
111 0.81868 0.501318 0.0553101 0.0907082 0.00137631 46.8206 0.130092 0.00154891 0.0674176 
112 0.734705 0.829908 0.056864 0.0974094 0.00137315 54.2534 0.126711 0.00191684 0.0566762 
113 0.922179 0.829278 0.0533041 0.0998922 0.00112589 61.1572 0.10715 0.00176216 0.0573821 
114 0.950098 0.910664 0.0592655 0.0999816 0.00117332 60.7508 0.113755 0.0019669 0.0672526 
115 0.954483 1.109 0.0729503 0.0823335 0.00277269 71.8779 0.10917 0.00255022 0.0987539 
116 0.950779 1.27864 0.0828653 0.0775814 0.00258284 71.2167 0.102406 0.0028348 0.104277 
117 0.958814 1.30913 0.0851685 0.0793474 0.00283107 69.474 0.127726 0.00429583 0.103329 
118 1.01063 1.3155 0.085393 0.0765271 0.00282599 82.6653 0.130208 0.00432685 0.111469 
119 0.901423 1.29632 0.0820237 0.076279 0.00278561 83.0547 0.119092 0.00430623 0.101656 
120 1.29046 1.35286 0.0852307 0.10048 0.00206589 65.3062 0.13927 0.00443811 0.114799 
121 1.28417 1.33489 0.0848314 0.136728 0.00238413 58.0871 0.125962 0.00442524 0.111463 
122 1.31506 1.17075 0.105136 0.14144 0.00244641 60.9571 0.12034 0.00413869 0.113902 
123 1.12275 1.17125 0.105322 0.1496 0.002519 61.9606 0.137062 0.00425436 0.111768 
124 1.10205 1.16766 0.105701 0.15253 0.00251787 62.8298 0.140698 0.00440683 0.113427 
125 1.16657 1.03756 0.100826 0.147146 0.00232517 77.8332 0.163308 0.00420105 0.103663 
126 1.19557 1.12468 0.0962747 0.145316 0.00233315 81.7417 0.166675 0.00415479 0.102816 
127 1.1831 1.11759 0.098037 0.150022 0.00242052 82.9288 0.148732 0.00256388 0.104561 
128 1.13762 1.18884 0.117067 0.127258 0.0016896 83.7843 0.151572 0.00258315 0.106364 
129 1.12362 1.17132 0.124912 0.117031 0.00154907 94.3204 0.145608 0.00257309 0.155228 
130 0.527551 1.06571 0.126032 0.112194 0.00158146 98.6085 0.109984 0.00245641 0.150452 
131 1.20558 1.06454 0.13918 0.118135 0.00168742 92.8999 0.172683 0.00255975 0.165516 
132 1.20099 1.11422 0.0992204 0.114815 0.00179251 89.5593 0.172254 0.00252945 0.156086 
133 1.24204 1.1253 0.0878251 0.10542 0.00165042 86.8246 0.164604 0.0024718 0.155834 
134 1.25827 1.42796 0.0859546 0.116917 0.00209181 86.8138 0.165391 0.00357722 0.149156 
135 1.41828 1.45523 0.121996 0.147891 0.00312294 79.2441 0.145159 0.00471553 0.142279 
136 1.583 1.31226 0.113313 0.147151 0.00308113 74.1399 0.154062 0.00467522 0.141663 
137 1.64445 1.31318 0.11398 0.145065 0.00308321 74.0949 0.158644 0.0045907 0.141016 
138 1.6551 1.26361 0.108713 0.12639 0.00290532 77.0833 0.152174 0.00455612 0.141892 
139 1.64614 1.24516 0.106474 0.13351 0.00307949 63.0501 0.152759 0.00482087 0.108789 
140 1.69021 1.26624 0.104267 0.147002 0.00337881 48.4784 0.146858 0.00517412 0.106408 
141 1.39263 1.35838 0.0861572 0.163828 0.0035966 64.0318 0.124704 0.00586045 0.0940221 
142 1.39293 1.37369 0.0843865 0.160932 0.00352531 75.8138 0.125937 0.00587224 0.0975779 
143 1.38153 1.37443 0.0903967 0.164087 0.00356344 79.3945 0.125216 0.00589886 0.0960665 
144 1.35171 1.03047 0.090407 0.151803 0.00325328 76.9534 0.122281 0.00532134 0.0939783 
145 1.14076 0.869365 0.0604875 0.123662 0.00244546 79.6183 0.128773 0.00406522 0.0838004 
146 0.751975 0.843317 0.0512246 0.124092 0.00246146 78.7992 0.100449 0.00413136 0.0835188 
147 0.717663 1.17082 0.0526897 0.127376 0.002541 84.0352 0.11094 0.0042787 0.0796953 
148 0.71534 1.14891 0.0743796 0.134109 0.0025767 80.123 0.122548 0.0042973 0.088371 
149 0.792121 1.39967 0.0738935 0.128434 0.0023719 84.2534 0.142036 0.00430261 0.0889995 
150 0.732221 1.473 0.0796864 0.125314 0.00327174 80.3028 0.136447 0.00409093 0.100281 
151 0.783046 1.3265 0.0788786 0.140926 0.00371579 89.0315 0.139667 0.00315045 0.0992922 
152 0.68059 1.398 0.0893554 0.153097 0.00392865 80.6776 0.141281 0.00408323 0.10316 
153 0.763059 1.62643 0.0845142 0.165251 0.00417167 74.6099 0.14082 0.0053419 0.102478 
154 0.771915 1.61231 0.0846705 0.1646 0.00412462 73.5201 0.143568 0.00539828 0.103156 
155 0.924317 1.60855 0.0840075 0.11557 0.00276138 74.5915 0.138176 0.00539261 0.103679 
156 0.908543 1.57879 0.082178 0.110423 0.00271732 51.2748 0.136936 0.00529849 0.108336 
157 0.935298 1.41244 0.101934 0.129522 0.00289622 65.0879 0.128343 0.00520007 0.108025 
158 0.940041 1.46615 0.0786953 0.120403 0.00246338 63.573 0.114113 0.00532568 0.0809848 
159 0.929068 1.18131 0.0763449 0.121156 0.00244671 66.7129 0.122683 0.0050568 0.0628009 
160 0.953891 1.18293 0.080265 0.117325 0.0023702 64.8378 0.128978 0.00488909 0.0796186 
161 0.909742 1.17475 0.0862322 0.125026 0.00255085 60.7103 0.125783 0.00490913 0.0951158 
162 0.910968 1.0702 0.0795447 0.101295 0.00202344 58.5779 0.117516 0.00393102 0.0949403 
163 0.846696 0.684647 0.0829242 0.102092 0.00171963 64.1666 0.128099 0.00218561 0.110925 
164 0.844841 0.691095 0.082375 0.0997397 0.00159821 68.8352 0.122855 0.0019396 0.117591 
165 0.604334 0.768337 0.0820721 0.119381 0.00170875 76.5506 0.109677 0.00195145 0.118812 
166 0.653788 0.767759 0.0822025 0.121627 0.0017986 73.7957 0.129342 0.00202698 0.114978 
167 0.639192 0.762832 0.0619128 0.108417 0.00159083 66.5909 0.128417 0.0019987 0.122512 
168 0.591557 0.656552 0.0706395 0.109235 0.00162527 66.5021 0.128689 0.00149199 0.129223 
169 0.425974 0.649991 0.0861416 0.107601 0.00161006 68.6833 0.109419 0.00143808 0.122633 
170 0.432279 0.593997 0.0690406 0.109815 0.0016498 68.5152 0.102989 0.00147072 0.0853342 
171 0.433344 0.676545 0.0702089 0.0937618 0.00132313 76.7796 0.0908902 0.000899302 0.095398 
172 0.432527 1.04342 0.070312 0.0981694 0.00146149 76.6203 0.0926171 0.00205768 0.0953781 
173 0.453671 1.06972 0.0722557 0.101378 0.00146012 79.8962 0.0811929 0.00204026 0.0995729 
174 0.600299 1.0129 0.0722557 0.0949088 0.00145977 85.3257 0.0830287 0.00192397 0.0763144 
175 0.57139 1.12144 0.0665636 0.0994766 0.00204891 82.5329 0.0931988 0.00322141 0.0764904 
176 0.580971 1.38949 0.0636223 0.105802 0.00228286 84.3444 0.105532 0.0031224 0.0725512 
177 0.793233 1.36296 0.0639766 0.105356 0.00227917 88.8316 0.118665 0.00305825 0.0719299 
178 0.792396 1.3471 0.0613952 0.113641 0.00284765 89.3652 0.124367 0.0039281 0.0704572 
179 0.835291 1.39104 0.0478735 0.11237 0.00287596 81.3678 0.135968 0.00408055 0.0706846 
180 0.834643 1.4103 0.0449683 0.110583 0.00296409 82.2384 0.139995 0.00402145 0.0718217 
181 0.830856 1.42736 0.0471301 0.108784 0.00355884 72.3834 0.144555 0.0046515 0.0495133 
182 0.959383 1.33456 0.0543244 0.106708 0.00355606 47.9925 0.151024 0.00457768 0.0542899 
183 0.96553 1.31782 0.0538848 0.0968324 0.00338398 47.8934 0.156665 0.00476618 0.043506 
184 0.898414 1.28993 0.0393458 0.0968494 0.00346954 57.2021 0.150999 0.00492669 0.0516469 
185 0.906415 1.10442 0.0451169 0.108952 0.0039457 71.6391 0.153143 0.00431045 0.0513692 
186 0.810961 1.46752 0.0573884 0.12072 0.00477465 79.2579 0.112869 0.00804542 0.0518509 
187 0.931044 1.54042 0.0580194 0.137818 0.00559683 79.3672 0.110167 0.00940075 0.0532853 
188 0.92203 1.58556 0.0595638 0.140232 0.00571332 78.6408 0.11054 0.0091851 0.0550313 
189 0.915994 1.55019 0.0752946 0.145575 0.0059299 77.0217 0.115199 0.00941051 0.0700589 
190 0.979315 1.50343 0.0755215 0.15104 0.00610169 76.811 0.113453 0.00946893 0.0722165 
191 0.964231 1.49995 0.0737074 0.136801 0.00560679 80.261 0.110349 0.00910043 0.0721253 
192 0.917826 1.38508 0.0664657 0.13833 0.00567089 78.659 0.106975 0.00927365 0.056347 
193 0.850522 1.37877 0.066281 0.138168 0.00565218 78.6503 0.0989536 0.00923484 0.0528701 
194 0.827439 1.38378 0.0650635 0.1414 0.00578701 71.5603 0.104139 0.00923594 0.0571518 
195 0.8467 1.37838 0.0542102 0.134853 0.00555535 56.2425 0.084183 0.00916974 0.060879 
196 0.795403 0.818582 0.0486074 0.108099 0.00439987 50.6769 0.0775924 0.00604421 0.0612373 
197 0.566936 0.738982 0.0437895 0.0962581 0.00398864 51.5651 0.0795789 0.00521712 0.0575358 
198 0.500122 0.5924 0.0435391 0.0909815 0.00376744 53.2079 0.0804879 0.00532708 0.0569712 
199 0.501339 0.567203 0.0346229 0.0790532 0.00327135 54.512 0.0660519 0.00461476 0.0525702 
200 0.417159 0.627214 0.0304153 0.0723544 0.00346276 57.2727 0.0661172 0.00419908 0.0518861 
201 0.399601 0.634356 0.0392909 0.0722432 0.00345361 58.4996 0.063534 0.00426335 0.0526066 
202 0.366719 0.694314 0.0410071 0.0723583 0.00350818 64.9833 0.0559569 0.00425833 0.0647554 
203 0.361194 0.673999 0.0434264 0.0805433 0.00378919 65.8091 0.0591456 0.00426206 0.0648915 
204 0.591433 0.742586 0.0626862 0.119353 0.00528564 64.1968 0.0465788 0.00780799 0.073536 
205 0.668541 0.857252 0.0629247 0.12946 0.00563526 60.0291 0.0463845 0.00911278 0.0687868 
206 0.664296 0.769141 0.0625795 0.136135 0.00571731 66.4164 0.0616379 0.0091015 0.0717378 
207 0.962678 0.815781 0.0697956 0.148677 0.00572315 77.9897 0.0591989 0.00859432 0.0686923 
208 1.05547 0.892029 0.0640538 0.14898 0.00571887 79.6168 0.0734103 0.00889241 0.0717825 
209 1.06447 0.944076 0.0640769 0.151528 0.00579857 79.4338 0.073392 0.00933457 0.0723908 
210 1.03988 0.8584 0.0625049 0.146366 0.00537418 70.1044 0.0803464 0.00944545 0.0534051 
211 1.05296 0.824095 0.0742281 0.146635 0.00538102 64.2559 0.0844047 0.00935539 0.0560516 
212 1.06112 0.83694 0.0781783 0.149433 0.00539963 64.4675 0.0948129 0.0095875 0.0695534 
213 1.10148 0.909559 0.0755456 0.173843 0.00593397 64.6265 0.101949 0.00954395 0.0623172 
214 1.03281 0.695383 0.0649986 0.181352 0.00576973 63.0176 0.112738 0.00705294 0.0574178 
215 0.989115 0.689391 0.065935 0.202047 0.0060501 85.1001 0.12175 0.0063191 0.0831449 
216 0.999093 0.680168 0.065851 0.192138 0.00576869 80.2859 0.114929 0.00629179 0.0801748 
217 0.694407 0.655292 0.0491992 0.203347 0.0061996 73.4342 0.120513 0.00689323 0.0800998 
218 0.854911 0.870205 0.0447311 0.202844 0.00622902 71.2141 0.156678 0.0074516 0.0735639 
219 0.857675 0.902441 0.0385044 0.200489 0.006141 73.9422 0.159458 0.00759557 0.0682648 
220 0.851952 0.952627 0.0449699 0.200579 0.00612925 65.135 0.159697 0.00780397 0.0658506 
221 0.814866 1.14059 0.0395075 0.200884 0.00614667 59.8724 0.150907 0.00827528 0.0659817 
222 0.878715 1.13158 0.0382549 0.200264 0.00614706 60.1056 0.169799 0.00815947 0.0645453 
223 0.802188 1.05317 0.03697 0.167501 0.00504726 60.2525 0.166281 0.00828649 0.0663707 
224 0.764763 1.06113 0.0375838 0.110915 0.00306721 56.2639 0.163736 0.00734764 0.062204 
225 0.754747 1.18628 0.0422893 0.0907405 0.00265903 37.5892 0.162925 0.00758366 0.0460669 
226 0.75858 1.21266 0.0440367 0.0944578 0.00258172 42.5652 0.161448 0.00768479 0.0580104 
227 0.812196 1.2297 0.0512497 0.0750581 0.00207944 43.4273 0.15863 0.00736798 0.0579455 
228 0.55891 1.01418 0.0482644 0.0878589 0.00255221 45.4669 0.122098 0.00583709 0.0561562 
229 0.757586 1.1244 0.0502005 0.088351 0.0025455 41.2557 0.138438 0.00522267 0.0599986 
230 0.851546 1.12518 0.0513322 0.0852766 0.00244706 40.8312 0.13428 0.00515069 0.0549252 
231 0.844511 1.07174 0.05454 0.091469 0.00264136 41.0255 0.135692 0.00371066 0.0602975 
232 0.837065 1.08714 0.0544684 0.0916845 0.00264546 41.0227 0.128156 0.0037149 0.0601619 
233 0.848692 1.08101 0.0557995 0.106342 0.00306678 38.0159 0.123642 0.00393064 0.0574349 
234 0.849577 1.07892 0.0557995 0.106345 0.00307401 45.4252 0.123647 0.00392977 0.0622767 
235 0.868655 0.955927 0.0655043 0.112294 0.00319466 53.7296 0.123647 0.00378299 0.0603168 
236 0.896267 0.943478 0.0641187 0.104082 0.0031178 57.933 0.121759 0.00349768 0.0648319 
237 0.878281 0.906264 0.0598148 0.105177 0.00309128 63.0334 0.119442 0.00337004 0.0762693 
238 0.908567 0.89353 0.0637068 0.136242 0.00402041 62.721 0.160364 0.00527488 0.0796287 
239 0.74611 0.80411 0.0654842 0.140401 0.00416129 63.9737 0.143616 0.00569216 0.0849325 
240 0.674329 0.716538 0.0604673 0.140615 0.00417782 63.6462 0.148663 0.0055958 0.0830633 
241 0.763112 0.884722 0.0596861 0.145156 0.00430044 63.6191 0.143419 0.00765476 0.0822879 
242 0.742438 0.876327 0.0594127 0.14953 0.00438432 64.6699 0.139605 0.0076547 0.0829713 
243 1.05377 0.875836 0.0805571 0.134939 0.00387825 67.9473 0.179565 0.00744754 0.116724 
244 1.13003 0.87527 0.079525 0.133546 0.00385402 64.755 0.180002 0.0074507 0.118754 
245 1.13487 0.83956 0.0878545 0.140153 0.00400655 57.8462 0.180881 0.007533 0.125819 
246 1.11844 0.858932 0.0873297 0.145187 0.00415251 53.5003 0.184159 0.00751078 0.128032 
247 1.12582 0.891615 0.0880391 0.146415 0.00417456 44.7531 0.184194 0.00752898 0.125457 
248 1.06786 0.877892 0.0866958 0.125019 0.0032769 44.1199 0.14227 0.00582939 0.1291 
249 1.04343 1.26706 0.0826736 0.126184 0.00319478 45.7515 0.144681 0.00659813 0.129101 
250 1.18343 1.4718 0.0861743 0.125237 0.00311632 54.0123 0.145273 0.00673853 0.130887 
251 1.1499 1.3239 0.0845276 0.117531 0.00275882 54.378 0.160224 0.00426361 0.131349 
252 1.14563 1.3147 0.0837897 0.115389 0.0027023 53.7663 0.161308 0.00428027 0.130787 
253 0.862665 1.31297 0.0652653 0.118942 0.00275027 53.6945 0.125494 0.00425012 0.103154 
254 0.761143 1.31752 0.0645378 0.119027 0.00279812 56.305 0.123403 0.00419163 0.0989879 
255 0.77285 1.37576 0.028893 0.112301 0.00262723 57.0968 0.143574 0.00415906 0.0777922 
256 0.869941 1.40346 0.0305605 0.11391 0.00255972 53.4716 0.161057 0.00440549 0.0664409 
257 0.846488 1.41411 0.0309961 0.114793 0.00257921 57.2603 0.162005 0.00434194 0.0662513 
258 0.85836 1.46138 0.0386415 0.117031 0.00267853 60.9317 0.153649 0.00496659 0.0615094 
259 0.994524 1.192 0.0383301 0.111504 0.00260497 61.7408 0.167835 0.00390687 0.0578234 
260 0.795789 0.953125 0.0354591 0.110873 0.00260871 55.1841 0.160731 0.00363004 0.0511648 
261 0.814999 0.962634 0.035587 0.109421 0.00276236 59.2528 0.16572 0.00362878 0.0494205 
262 0.857938 0.957422 0.0366154 0.111009 0.00284311 60.1083 0.173673 0.00374676 0.0501303 
263 0.860687 0.958799 0.0411265 0.106105 0.00285131 52.9361 0.169483 0.00363721 0.0509561 
264 0.945096 1.04397 0.0413401 0.104105 0.00278287 49.7217 0.167062 0.00388548 0.0469361 
265 0.929145 1.09806 0.038984 0.10005 0.00265248 45.9968 0.153406 0.00400515 0.0404455 
266 0.98558 1.04493 0.0447321 0.090997 0.00247273 46.2203 0.133048 0.00371855 0.0540695 
267 0.985511 0.99384 0.043222 0.088625 0.00242603 44.0122 0.131572 0.00380891 0.0551994 
268 0.971055 1.05072 0.0463948 0.0713468 0.00211579 41.6457 0.133937 0.00316191 0.0554152 
269 0.919663 1.03932 0.0524483 0.0830003 0.00251435 36.3357 0.136021 0.00390488 0.0529306 
270 0.971068 1.41505 0.0541717 0.0853 0.00267494 44.5679 0.142697 0.00396134 0.0552458 
271 0.966359 1.30555 0.057963 0.0939878 0.00299998 42.1195 0.146217 0.00437122 0.0548693 
272 0.925443 1.2904 0.0659543 0.129361 0.00423356 40.1198 0.138166 0.00549593 0.0632489 
273 0.860285 1.28197 0.0645906 0.127117 0.00422136 37.57 0.123865 0.00541084 0.0593263 
274 0.834282 1.3282 0.0657447 0.159934 0.00531185 36.0717 0.153213 0.00789329 0.059532 
275 0.844128 1.32065 0.0639373 0.157845 0.00524648 45.6322 0.16077 0.0078161 0.0675818 
276 0.712886 1.32539 0.0755633 0.164956 0.00548229 46.7303 0.170888 0.00787681 0.0685545 
277 0.762276 1.35669 0.0779666 0.161991 0.00541747 45.7074 0.169517 0.00785091 0.0696527 
278 0.770042 1.29926 0.0762929 0.16219 0.00546629 51.4286 0.172999 0.00776234 0.0987179 
279 0.774477 1.27802 0.0752882 0.152795 0.00518157 51.2976 0.158058 0.00730198 0.0985735 
280 0.71045 0.821967 0.0736757 0.153701 0.00518853 45.4948 0.155479 0.00743941 0.0979276 
281 0.676441 0.811052 0.0712789 0.156345 0.0050628 43.3383 0.139381 0.00725082 0.0980003 
282 0.669872 0.836133 0.0608056 0.134254 0.0043197 50.6061 0.143023 0.00689237 0.0949612 
283 0.722238 0.737358 0.0559478 0.134323 0.00431027 50.9558 0.148936 0.00678887 0.0858695 
284 0.722231 0.622846 0.0499386 0.0930556 0.00287462 60.103 0.132189 0.00413998 0.0877221 
285 0.692662 0.577339 0.0466187 0.0949511 0.00296128 56.8868 0.130012 0.00397747 0.0862946 
286 0.649539 0.587941 0.0699386 0.101357 0.00310139 58.673 0.117553 0.00435432 0.095481 
287 0.634203 0.755699 0.0727108 0.102515 0.00317221 59.2261 0.121155 0.00452551 0.102756 
288 0.595908 0.776891 0.0782716 0.102599 0.00315594 44.5582 0.113972 0.00454663 0.0802927 
289 0.548704 0.814408 0.0738751 0.0985891 0.00304529 45.2637 0.114329 0.0046023 0.0761241 
290 0.553242 0.763258 0.0864533 0.100473 0.00303002 83.6363 0.114784 0.00383201 0.0753359 
291 0.579192 1.15212 0.0971919 0.103712 0.00330439 92.3475 0.111813 0.0058364 0.0714892 
292 0.815521 1.08906 0.0960418 0.115588 0.00374507 93.644 0.0997347 0.00584107 0.082439 
293 0.829253 1.1183 0.0960111 0.115128 0.00375433 95.5492 0.100771 0.00595269 0.0845469 
294 0.821117 1.13486 0.0947139 0.116219 0.003798 90.6424 0.0997112 0.00596374 0.0842645 
295 0.763435 1.15095 0.0900264 0.114267 0.00367789 95.4724 0.0817702 0.00588948 0.0895499 
296 0.82774 1.15374 0.0898306 0.102768 0.00340918 103.469 0.0890866 0.00574187 0.108396 
297 1.15518 0.91252 0.0902842 0.112251 0.00397977 100.442 0.0876206 0.00579948 0.100615 
298 1.34025 0.925145 0.0830193 0.113691 0.00405487 95.76 0.0961007 0.00579545 0.0662042 
299 1.33934 1.31605 0.0814409 0.11297 0.00401663 99.2713 0.0948339 0.00652929 0.0733731 
300 1.57152 1.30995 0.0621823 0.119729 0.00446084 87.7436 0.0935251 0.00684707 0.0755793 
301 1.56519 1.05316 0.0486872 0.102713 0.00411854 61.683 0.0925843 0.00571919 0.0753088 
302 1.50044 1.05387 0.0475347 0.0899854 0.00362855 75.0308 0.0861188 0.0054129 0.0783645 
303 1.62209 1.0053 0.0511256 0.0966339 0.00422376 86.5771 0.109706 0.00630658 0.0789596 
304 1.6093 1.23956 0.0622829 0.11518 0.00542304 83.0198 0.118557 0.00914691 0.0755574 
305 1.63878 1.18705 0.0703414 0.114967 0.00542605 79.4497 0.120354 0.00906697 0.0877433 
306 1.62245 1.20061 0.0650406 0.115681 0.0055028 75.4722 0.117139 0.00906392 0.0713989 
307 1.3538 1.2006 0.0640971 0.117676 0.0059677 74.8131 0.142374 0.00919585 0.07182 
308 1.25545 1.2155 0.0648882 0.121437 0.00615946 74.8444 0.141589 0.0095 0.0724935 
309 1.25572 0.917034 0.0775867 0.131218 0.00670894 70.1595 0.147071 0.00959565 0.0732478 
310 0.938724 0.891202 0.0888574 0.163663 0.00858153 72.3378 0.177103 0.0108752 0.0759444 
311 1.12087 0.845574 0.101733 0.159939 0.00849958 72.3794 0.200159 0.0105804 0.0980251 
312 1.04544 0.894469 0.101958 0.161128 0.00859341 49.6045 0.201285 0.011378 0.100118 
313 0.907829 0.783941 0.102783 0.152231 0.00811124 50.1194 0.196268 0.0104627 0.107199 
314 0.936324 0.716088 0.103778 0.147896 0.00785233 37.8853 0.197915 0.00990168 0.131329 
315 0.898536 0.737477 0.0829297 0.155084 0.00819955 40.4092 0.207859 0.0107855 0.125026 
316 0.909502 1.01399 0.0695595 0.16376 0.00865019 58.8063 0.207096 0.0109002 0.123624 
317 0.894219 0.961413 0.0576953 0.157554 0.00815623 68.424 0.192242 0.0108901 0.126418 
318 1.07303 0.966904 0.0532484 0.173279 0.00856047 69.6053 0.187002 0.0110829 0.123852 
319 1.14299 0.927463 0.0534648 0.172147 0.00836081 69.9531 0.185959 0.0100854 0.123942 
320 1.15152 1.05752 0.0626857 0.118747 0.00537352 72.2763 0.143065 0.00961777 0.135831 
321 1.03926 1.08001 0.0586341 0.130066 0.00569206 71.537 0.123317 0.00978009 0.130748 
322 0.966043 1.18888 0.0575425 0.132118 0.00574603 70.7062 0.116407 0.00984413 0.131006 
323 0.901416 1.19491 0.0600795 0.132732 0.00575115 68.9628 0.101912 0.00986125 0.11547 
324 0.862138 1.16542 0.0500843 0.132873 0.00581679 77.9245 0.0903984 0.00896637 0.105957 
325 0.878596 1.1785 0.082102 0.106366 0.00434476 82.1521 0.0521915 0.0075594 0.135207 
326 0.916016 1.08573 0.0920147 0.11717 0.00460504 73.9926 0.0556938 0.00779235 0.148607 
327 0.943903 1.07515 0.0788187 0.118834 0.00461863 65.8858 0.0538628 0.00763698 0.128575 
328 0.803392 1.05829 0.0817524 0.113302 0.00450428 64.6104 0.103598 0.00812375 0.125109 
329 0.83996 1.15568 0.0726057 0.115423 0.00451692 61.9504 0.103645 0.00859151 0.11441 
330 0.834612 1.28278 0.0727285 0.116845 0.00462589 64.1273 0.107783 0.00853656 0.117438 
331 0.80444 1.26693 0.0860114 0.0980117 0.00395667 71.9008 0.104513 0.00729172 0.145208 
332 0.881809 1.39155 0.0924515 0.097644 0.00397366 77.9312 0.110456 0.0070389 0.161818 
333 0.868299 1.43454 0.098617 0.0982994 0.00397328 72.7071 0.109495 0.00717362 0.165439 
334 0.928791 1.32454 0.103033 0.0988693 0.00397198 68.3326 0.115884 0.00687703 0.164381 
335 0.968901 1.33326 0.0870547 0.125086 0.00484029 59.5656 0.160154 0.00817567 0.136647 
336 0.964797 1.31018 0.0745137 0.109299 0.00416612 54.38 0.168255 0.00727906 0.114356 
337 1.01047 1.35926 0.0698964 0.111319 0.00429754 46.2487 0.176418 0.0072691 0.0972538 
338 1.01615 1.36254 0.0575795 0.104219 0.00400131 60.005 0.167194 0.00706426 0.105853 
339 1.05022 1.23068 0.0603061 0.0927627 0.0035872 62.631 0.172517 0.00577964 0.105877 
340 1.08655 1.1871 0.0610143 0.102581 0.00376614 75.1263 0.171589 0.00620716 0.107055 
341 1.09774 1.13127 0.0535865 0.105543 0.00390265 69.0339 0.175081 0.00640258 0.0853961 
342 1.04007 0.956611 0.0503112 0.106203 0.00393052 60.4397 0.1757 0.00606734 0.06128 
343 1.03956 0.861834 0.0449127 0.108125 0.0039731 58.4246 0.176798 0.0057042 0.0445935 
344 0.970771 0.768631 0.0423414 0.105167 0.00385801 56.7514 0.166426 0.0052414 0.0469944 
345 0.897396 0.748124 0.0400178 0.0952843 0.00354216 55.3251 0.138522 0.00407677 0.0487316 
346 0.848014 0.748099 0.0362692 0.0975051 0.00360058 55.5826 0.138122 0.0040743 0.0473483 
347 0.793774 0.723041 0.0456949 0.0953789 0.0035075 58.3329 0.129204 0.00407778 0.0487082 
348 0.82523 0.679191 0.0498818 0.0830252 0.00284866 53.081 0.118242 0.00268299 0.0489273 
349 0.757739 0.49522 0.0497327 0.0862578 0.00299085 46.6082 0.114471 0.00283818 0.0513505 
350 0.730241 0.60317 0.0441977 0.0797492 0.00285809 28.0001 0.113746 0.00318994 0.0528365 
351 0.690469 0.586547 0.0441257 0.0778201 0.0027768 30.6302 0.104819 0.0029871 0.0534393 
352 0.685646 0.557255 0.0444057 0.0749867 0.00270216 30.7956 0.101511 0.00323912 0.0527841 
353 0.689323 0.644807 0.0433258 0.0709231 0.00259175 31.0222 0.0952657 0.00309329 0.0538288 
354 0.682641 0.658877 0.0384808 0.0691652 0.00248565 30.5231 0.0968928 0.00312741 0.0532771 
355 0.717086 0.648716 0.0396645 0.0653807 0.00226351 31.2504 0.0902551 0.00313826 0.0575703 
356 0.642153 0.546793 0.0406457 0.0682799 0.00244929 34.0368 0.0711165 0.00338496 0.0636845 
357 0.686804 0.62028 0.0395311 0.0740306 0.00267598 32.0812 0.0865803 0.0033021 0.0632481 
358 0.565351 0.659279 0.0337843 0.0998778 0.00364638 25.9356 0.108306 0.00348941 0.0494108 
359 0.464512 0.590515 0.0324484 0.0977236 0.00354695 42.3846 0.111116 0.00241772 0.0588025 
360 0.874484 0.838701 0.037512 0.102062 0.00366592 47.2105 0.122484 0.00424352 0.0579402 
361 0.896748 0.806703 0.0371056 0.107763 0.00389353 44.0601 0.133201 0.00459841 0.0558977 
362 0.922261 1.0344 0.0549974 0.107712 0.00389023 45.5242 0.13423 0.00532362 0.0775412 
363 0.925234 1.00325 0.0551848 0.100776 0.00360086 48.7414 0.133781 0.00530318 0.078641 
364 0.939286 0.995081 0.0554 0.101135 0.00367653 49.4154 0.136364 0.00533082 0.079851 
365 1.29453 1.12283 0.0563822 0.112274 0.00415253 47.8494 0.139151 0.00652799 0.0779419 
366 1.29541 1.12074 0.0543411 0.110019 0.00408208 47.0043 0.137754 0.0065191 0.0733601 
367 1.28271 1.05294 0.0514457 0.116248 0.00440863 49.7653 0.143317 0.00658897 0.0753532 
368 1.32263 1.04624 0.0531981 0.0742217 0.00291233 50.5895 0.108966 0.00621475 0.074563 
369 1.26916 1.06218 0.0530857 0.0618049 0.00259632 37.3819 0.108643 0.00584883 0.0676171 
370 1.08964 0.844514 0.0612253 0.0619791 0.00259505 32.8617 0.0797208 0.00528439 0.0830062 
371 1.0697 0.813106 0.0665702 0.126809 0.00512435 33.0858 0.117611 0.00704158 0.0844193 
372 1.02941 0.644233 0.0562162 0.128242 0.00520107 33.602 0.120252 0.00725845 0.074839 
373 1.09051 0.670081 0.0573757 0.128225 0.00518621 24.961 0.123423 0.00742172 0.071576 
374 1.06958 0.660263 0.0582675 0.136593 0.00543133 25.1153 0.123089 0.0076706 0.0765153 
375 0.658288 0.475438 0.0569676 0.127576 0.0051114 30.027 0.121926 0.00761584 0.0776645 
376 0.659632 0.526346 0.057093 0.128461 0.00514109 32.1634 0.125196 0.00814087 0.0782581 
377 0.652361 0.521034 0.063067 0.122992 0.00493227 41.9341 0.109648 0.00759636 0.103585 
378 0.510826 0.578104 0.0577648 0.128975 0.0052621 61.6586 0.114453 0.00867827 0.116855 
379 0.572514 0.627908 0.0668447 0.122844 0.00505182 62.7192 0.116489 0.00888056 0.123265 
380 0.63538 0.865415 0.0567582 0.119662 0.00493812 68.626 0.132154 0.00906993 0.110724 
381 0.936122 0.983953 0.051217 0.0904022 0.00386782 68.6271 0.110681 0.00959608 0.104519 
382 0.94493 0.910975 0.0542725 0.148556 0.00670497 71.0756 0.165248 0.0106882 0.103984 
383 0.854485 1.11691 0.0490165 0.151403 0.00679755 71.886 0.155463 0.0120464 0.10634 
384 0.957451 1.11305 0.0606659 0.169353 0.00752506 73.1793 0.155406 0.0125535 0.107589 
385 0.937858 1.20058 0.0556639 0.192577 0.00844195 69.8568 0.149562 0.0145184 0.10913 
386 0.948035 1.19853 0.0561102 0.192908 0.00844199 73.665 0.150988 0.0143941 0.112212 
387 0.980874 1.24451 0.0640816 0.189515 0.00818818 73.0914 0.149414 0.0146198 0.0819295 
388 0.98299 1.21862 0.0651489 0.18737 0.00808965 64.0053 0.14976 0.0141195 0.0725511 
389 0.990856 1.19298 0.0672172 0.187157 0.00804373 60.1261 0.148962 0.0137617 0.0607736 
390 0.995492 1.04734 0.0669797 0.185747 0.00800075 56.6426 0.137975 0.0136751 0.060698 
391 0.779577 0.952589 0.0619743 0.176158 0.00752022 56.1066 0.140422 0.0127918 0.0463068 
392 0.762666 0.934405 0.0561126 0.138186 0.00562409 60.3659 0.077325 0.0108937 0.0396671 
393 0.754927 0.767891 0.05456 0.136412 0.00553666 58.8776 0.0774042 0.0100485 0.0394503 
394 0.665431 0.777625 0.0615543 0.108563 0.00420409 70.4345 0.075964 0.00889265 0.0790827 
395 0.587694 0.684559 0.0632498 0.0666672 0.00233557 68.2865 0.0744841 0.0060744 0.0823083 
396 0.496546 0.738656 0.0735665 0.0731472 0.00285429 57.537 0.0721905 0.00682043 0.0910649 
397 0.563188 0.605447 0.0739588 0.0810661 0.00336621 50.8753 0.0714509 0.00631814 0.0951396 
398 0.570081 0.604092 0.0846043 0.0826286 0.00336165 60.2047 0.0710467 0.00606562 0.0898245 
399 0.603415 0.600652 0.0750334 0.106238 0.00453122 65.1217 0.0757159 0.00673402 0.0748715 
400 0.765287 0.42806 0.0812005 0.112215 0.00496854 64.7811 0.0761361 0.00612302 0.0853097 
401 1.09573 0.453532 0.0821343 0.113254 0.00503177 61.4543 0.114606 0.00583259 0.0846782 
402 1.09665 0.62791 0.0646345 0.12955 0.0060336 61.1938 0.129558 0.00582755 0.0746686 
403 1.17879 1.52781 0.0603911 0.129491 0.00604838 63.7791 0.133227 0.0078532 0.0709009 
404 1.26629 1.62036 0.0678088 0.124939 0.00597796 55.3027 0.13777 0.00815266 0.0651567 
405 1.2904 1.61252 0.0652287 0.12502 0.00600979 55.9097 0.138207 0.00819555 0.0657124 
406 1.44366 1.64178 0.0669207 0.130227 0.00658352 63.0274 0.164126 0.00908639 0.0656302 
407 1.49032 1.70443 0.0671242 0.139733 0.00756495 65.6613 0.165195 0.0091159 0.0667407 
408 1.48947 2.04494 0.0654443 0.138608 0.00758824 58.008 0.164921 0.0106133 0.0636011 
409 1.49735 2.04464 0.0555394 0.116903 0.00681913 49.861 0.165919 0.010056 0.0635935 
410 1.39353 2.11714 0.0571697 0.107301 0.00643266 70.777 0.163589 0.00961876 0.0406135 
411 1.16632 2.14837 0.0869872 0.103871 0.00628278 70.6579 0.130584 0.00978918 0.0736303 
412 1.17326 2.05171 0.0864399 0.109393 0.00669794 71.6685 0.129908 0.0104728 0.0733157 
413 1.12942 1.64768 0.0961365 0.108391 0.00666879 73.4499 0.128373 0.00973254 0.0708276 
414 1.15898 1.76802 0.083442 0.109877 0.00675678 74.8956 0.127376 0.01036 0.0714566 
415 1.10885 1.77992 0.0777731 0.113956 0.00692429 74.276 0.139947 0.0106081 0.0754044 
416 1.00455 1.71956 0.0776329 0.0989906 0.00586858 72.7226 0.106828 0.0090911 0.0677135 
417 0.948325 1.62627 0.0912496 0.0871635 0.00481201 76.0844 0.107495 0.00920228 0.121742 
418 0.950716 1.22098 0.0923876 0.101276 0.00545765 76.0217 0.119935 0.0080699 0.121266 
419 0.842753 1.28683 0.0773749 0.100893 0.00545815 79.8568 0.113104 0.0083653 0.121263 
420 0.819839 1.15047 0.0801243 0.110186 0.00564189 74.9637 0.116206 0.00824907 0.129002 
421 0.825885 1.13785 0.0760673 0.119956 0.00599369 75.7058 0.118062 0.00868393 0.125574 
422 0.840686 1.11799 0.0965294 0.100257 0.00463127 74.8497 0.100015 0.00739728 0.13716 
423 0.853207 1.18742 0.0953656 0.0978184 0.00450842 77.3381 0.105857 0.00711765 0.139661 
424 0.468964 1.11644 0.091423 0.0969397 0.00450043 87.8025 0.0949739 0.0063534 0.144965 
425 0.681048 1.09823 0.0958211 0.095653 0.00432177 86.835 0.0939691 0.0059926 0.14629 
426 0.709814 1.1284 0.0962398 0.0951981 0.00431491 84.4064 0.0983908 0.00593233 0.144707 
427 0.721438 1.16665 0.0781239 0.095844 0.00436593 78.5567 0.0977517 0.00620527 0.110195 
428 0.729299 1.19222 0.0793253 0.115961 0.00493831 78.7692 0.119958 0.00626197 0.109753 
429 0.727625 1.07699 0.0732047 0.12249 0.00519272 78.4598 0.128739 0.00619558 0.0962489 
430 0.886769 1.06549 0.0742865 0.119149 0.00516783 66.8168 0.133672 0.00622278 0.0886948 
431 0.857047 1.09273 0.0605225 0.110582 0.00469344 72.6671 0.134792 0.00498439 0.0920951 
432 0.947519 1.08856 0.0511066 0.11258 0.00475722 72.9871 0.136469 0.00510099 0.0780904 
433 0.961672 1.06242 0.0700555 0.169639 0.00735016 55.9319 0.131688 0.010153 0.0847512 
434 0.958419 0.843718 0.0771788 0.170576 0.00737691 43.6211 0.133172 0.00993211 0.0767422 
435 0.873427 0.941047 0.0751839 0.167785 0.00725493 44.1712 0.132122 0.010331 0.0778576 
436 0.845107 1.0491 0.0774517 0.16691 0.00723475 63.2675 0.128351 0.0106918 0.0855107 
437 0.859284 1.07736 0.0781239 0.164931 0.00708989 64.8086 0.125726 0.0107729 0.0856524 
438 0.904162 1.06159 0.082534 0.154441 0.00638961 91.1749 0.103921 0.0111541 0.0766901 
439 0.886474 1.24293 0.0827628 0.148575 0.00619165 93.0903 0.086374 0.0111471 0.0879954 
440 0.8873 1.25771 0.0765329 0.147517 0.00614053 95.0464 0.120417 0.0112635 0.080923 
441 0.889553 1.24451 0.0952709 0.146381 0.00618151 93.7997 0.118834 0.0115209 0.0828243 
442 0.738055 1.28931 0.0908503 0.138179 0.00587395 91.3749 0.128947 0.0108115 0.0832221 
443 0.694786 1.24582 0.0828633 0.0967057 0.00375839 91.3948 0.125107 0.00834073 0.0764257 
444 0.708687 1.23892 0.0819111 0.101187 0.00396589 91.6843 0.132077 0.00797443 0.0730218 
445 0.699646 1.24159 0.0819881 0.102298 0.00401209 89.848 0.133778 0.00776427 0.0703555 
446 0.69262 1.14367 0.0816969 0.109888 0.00434269 82.5903 0.135485 0.0076852 0.061738 
447 0.611057 1.15215 0.080699 0.106526 0.00431668 79.385 0.133824 0.00719589 0.0620582 
448 0.625623 1.17168 0.0648291 0.10119 0.0043595 53.557 0.131437 0.00698235 0.068528 
449 0.621071 0.93072 0.0579269 0.103378 0.00440098 46.68 0.121568 0.00647565 0.0442074 
450 0.559314 0.914006 0.0565711 0.106787 0.00457667 44.1845 0.118811 0.0065988 0.048403 
451 0.604773 0.981603 0.0367244 0.109907 0.00482316 37.8801 0.146153 0.00595834 0.0530601 
452 0.630458 0.887109 0.0400947 0.109311 0.00480381 42.252 0.146939 0.00583467 0.0510897 
453 0.597527 0.935557 0.0387212 0.108939 0.00483689 51.6139 0.146689 0.00579329 0.0528952 
454 0.584152 0.918282 0.0334101 0.116357 0.0050586 53.0502 0.145361 0.00579738 0.0555393 
455 0.548036 0.894558 0.0342129 0.115678 0.005034 54.4242 0.140505 0.0056269 0.0548653 
456 0.564592 0.918022 0.0321429 0.104108 0.00456804 58.2167 0.13633 0.00513792 0.0564311 
457 0.733105 0.779286 0.0320501 0.100821 0.00447723 56.1752 0.143682 0.00445351 0.0528074 
458 0.748953 0.742112 0.029781 0.101908 0.00451828 55.0493 0.15248 0.0039584 0.0461177 
459 0.696076 0.786968 0.0303187 0.133671 0.00572829 55.8128 0.182748 0.00423364 0.045871 
460 0.740397 0.840378 0.0296521 0.127532 0.00537077 65.9528 0.174295 0.0040837 0.0387684 
461 0.689482 0.831014 0.0346185 0.106501 0.00440444 80.9588 0.143465 0.00365043 0.0525458 
462 0.719996 0.857946 0.0443329 0.1448 0.00548833 80.9648 0.14292 0.00595826 0.057935 
463 0.798565 0.816707 0.0442099 0.178992 0.00684763 76.1904 0.142109 0.00655317 0.0564699 
464 0.802064 0.765869 0.050172 0.205941 0.00796808 79.5487 0.168989 0.00689049 0.053415 
465 0.81637 1.10274 0.0495622 0.205229 0.00792179 79.4817 0.169469 0.00883448 0.0544906 
466 0.802247 1.16606 0.0503905 0.204242 0.00789586 78.5597 0.171513 0.00959692 0.056429 
467 0.676105 1.20994 0.0553615 0.214205 0.00826723 78.9433 0.153521 0.00940409 0.0649428 
468 0.594545 1.20129 0.0544729 0.209136 0.00806991 79.0847 0.135146 0.00936057 0.0641742 
469 0.824353 1.2237 0.0543343 0.195541 0.00744393 79.1205 0.158951 0.00959406 0.0640665 
470 0.901258 1.1765 0.0553511 0.195013 0.00744065 66.1644 0.172672 0.00928623 0.0602608 
471 1.01331 1.15407 0.0662646 0.198937 0.00751012 54.6658 0.176379 0.00917458 0.0870447 
472 0.885563 1.18544 0.0566778 0.174024 0.00675085 53.2831 0.180286 0.00854366 0.0908162 
473 0.909934 1.20607 0.0588007 0.143606 0.0054698 47.1167 0.180573 0.00818297 0.0887258 
474 0.907508 1.17681 0.0553127 0.073346 0.00264528 44.7915 0.158628 0.00794348 0.0878721 
475 0.950676 0.84957 0.0591091 0.0725167 0.00260794 49.199 0.160509 0.00473002 0.0996839 
476 0.963935 0.895805 0.061465 0.071571 0.00256199 51.2038 0.160535 0.00418527 0.107157 
477 0.954148 1.05609 0.0566677 0.0583437 0.00200128 49.4817 0.162762 0.00411002 0.101516 
478 0.986589 1.07616 0.0566726 0.0725922 0.00268396 49.364 0.161044 0.00459187 0.101616 
479 0.803246 1.22116 0.0553569 0.0972508 0.00366473 49.2239 0.110306 0.00646417 0.101451 
480 0.726447 1.23044 0.056052 0.0973345 0.00368904 49.9098 0.10011 0.00656843 0.101535 
481 0.514754 1.2332 0.0413454 0.0939205 0.00363557 41.9491 0.07885 0.00655908 0.0703138 
482 0.507215 1.17501 0.0402502 0.0895057 0.00355015 27.3943 0.0785074 0.00593954 0.0551651 
483 0.4935 1.23881 0.035386 0.10133 0.00407149 26.9736 0.0762097 0.00673989 0.0490877 
484 0.481169 1.58624 0.0409579 0.11971 0.00493546 28.7125 0.087118 0.00904996 0.066469 
485 0.598921 1.61826 0.0407077 0.12011 0.00494498 25.5097 0.103151 0.00903658 0.0603386 
486 0.578706 1.4404 0.0390503 0.120585 0.00494529 25.6262 0.10231 0.00873088 0.0467295 
487 0.658926 1.45357 0.0389993 0.129378 0.00525059 26.8439 0.101194 0.00951143 0.046199 
488 0.611143 1.41235 0.0400127 0.119992 0.00484858 27.7648 0.110854 0.00905191 0.0505183 
489 0.639019 1.3137 0.0453143 0.108786 0.00439675 31.1713 0.112258 0.00803088 0.0499568 
490 0.647276 1.3224 0.0452355 0.108081 0.00439535 29.2716 0.116207 0.00806017 0.050116 
491 0.690888 1.4757 0.0457376 0.109752 0.00444304 29.2276 0.126423 0.00814166 0.0522652 
492 0.687767 1.48249 0.044975 0.148947 0.00576443 29.5923 0.147151 0.00873799 0.0515883 
493 0.69933 1.43183 0.046624 0.141993 0.00539577 29.0644 0.146634 0.00793631 0.0510638 
494 0.71985 0.98218 0.0453853 0.128802 0.00472242 27.4245 0.134954 0.00538428 0.044694 
495 0.656539 0.952481 0.0485776 0.128015 0.00469646 44.3445 0.12971 0.00541286 0.047262 
496 0.686783 0.92595 0.0511061 0.140142 0.00494946 50.386 0.130171 0.00571705 0.0473417 
497 0.702068 1.53742 0.0519723 0.159283 0.00516362 65.7148 0.130113 0.00818577 0.052337 
498 0.867048 1.87403 0.0532291 0.175149 0.0055068 86.1288 0.122143 0.00963469 0.0524707 
499 0.878746 1.8526 0.0479837 0.173752 0.00542442 84.93 0.114301 0.00963663 0.0531459 
500 0.959603 1.86582 0.0462913 0.180063 0.00558661 85.3998 0.109159 0.00985614 0.0523539 
501 0.942248 1.77082 0.0371117 0.180141 0.00564665 91.3907 0.108323 0.010019 0.0536762 
502 0.964823 1.8876 0.0464045 0.144943 0.00401143 97.4782 0.0937451 0.00959698 0.0546715 
503 0.964096 1.92652 0.0519207 0.144786 0.00400704 97.6326 0.0937461 0.00960108 0.0559742 
504 0.970374 1.94605 0.0630565 0.147032 0.00409473 101.329 0.093513 0.00965652 0.0800374 
505 0.945526 1.95182 0.0773245 0.147152 0.00410512 95.6362 0.0872565 0.00963381 0.0869686 
506 0.946853 1.96578 0.080036 0.137076 0.0039487 90.7108 0.08592 0.00952822 0.0857634 
507 0.888247 1.35354 0.0759676 0.097778 0.0028955 81.8273 0.0904941 0.00592143 0.0910035 
508 0.702416 1.05016 0.0752641 0.0966518 0.00414599 60.4777 0.0857613 0.00495404 0.0844406 
509 0.704321 1.21654 0.0715953 0.0950517 0.00423454 65.3662 0.0920928 0.00591478 0.0829742 
510 0.512001 1.16429 0.0694284 0.0785745 0.00393903 57.5373 0.0864421 0.00534854 0.0769021 
511 0.80261 1.14161 0.0693679 0.0706608 0.00360682 52.9076 0.0792531 0.00468774 0.0772981 
512 0.775916 0.950089 0.0373008 0.0688777 0.00360756 42.6467 0.0786266 0.0044531 0.0663224 
513 0.911935 0.864242 0.0462046 0.0757389 0.00419863 48.1128 0.0786748 0.00434295 0.0658451 
514 0.91317 0.896636 0.0481806 0.0758706 0.00426149 42.431 0.0836063 0.0049607 0.0639931 
515 0.920823 0.875726 0.0475967 0.0798925 0.00449205 48.4917 0.0841342 0.00531064 0.0554144 
516 0.958825 1.11413 0.0515377 0.0789712 0.0047571 54.0523 0.0843398 0.00722712 0.0695947 
517 0.996237 1.11121 0.0458812 0.0894006 0.00551161 57.2349 0.0754624 0.00793478 0.066109 
518 0.963054 1.03148 0.0458813 0.082292 0.00517335 63.2969 0.0782823 0.00808746 0.0654395 
519 0.973494 0.909257 0.0490606 0.0866728 0.00543788 65.0121 0.0755052 0.00788335 0.0655276 
520 0.936422 1.13952 0.0621809 0.101802 0.0063151 68.4176 0.0747881 0.0106101 0.0666252 
521 0.882495 1.42249 0.0567013 0.107679 0.0066208 72.1834 0.0577876 0.0123545 0.0698665 
522 0.850657 1.41814 0.0561657 0.106853 0.00656351 74.4631 0.0584048 0.0123693 0.0685387 
523 0.91497 1.40733 0.071957 0.114472 0.00703037 67.3936 0.0596951 0.0126368 0.0740312 
524 0.945661 1.53744 0.0715851 0.113394 0.00698339 69.4547 0.057591 0.0128989 0.0750127 
525 0.989858 1.58796 0.0800665 0.108677 0.00677063 64.8543 0.0667225 0.0129497 0.0747797 
526 0.918418 1.43567 0.0890003 0.100339 0.00616226 62.8328 0.0667511 0.0112739 0.09109 
527 0.920502 1.47371 0.0832489 0.0965466 0.00578875 61.136 0.0697464 0.0111142 0.0818417 
528 1.14016 1.46473 0.0859135 0.107867 0.00611258 79.4237 0.0659688 0.0113826 0.0869487 
529 1.21468 1.76541 0.0677784 0.104437 0.00585344 78.1422 0.0640003 0.0122651 0.088605 
530 1.20899 1.61442 0.0788705 0.0997255 0.00554636 81.2026 0.0711455 0.0103581 0.112908 
531 1.10228 1.44989 0.0782314 0.102913 0.00561671 77.8779 0.0709474 0.00895979 0.11426 
532 1.09487 1.42696 0.0726276 0.109847 0.00583229 75.8462 0.0876076 0.00902289 0.112788 
533 1.06177 1.65852 0.0837654 0.131703 0.00610352 83.5793 0.10146 0.0107288 0.111143 
534 1.37532 1.69348 0.0815372 0.145801 0.00670659 86.2357 0.0993056 0.0117438 0.107479 
535 1.44862 1.65611 0.0804994 0.145801 0.00670657 86.3296 0.107751 0.0116485 0.107484 
536 1.42636 1.61256 0.0810948 0.144029 0.00657432 87.5104 0.107847 0.0116492 0.0970284 
537 1.32965 1.56583 0.0808181 0.143678 0.00657499 78.5162 0.100576 0.0115291 0.0893781 
538 1.27519 1.5898 0.0863311 0.134758 0.00612871 64.5997 0.11559 0.0112428 0.0923863 
539 1.31895 1.24141 0.0783734 0.129483 0.00563655 69.1565 0.118462 0.00959965 0.081032 
540 1.37819 1.30391 0.0729989 0.129671 0.00552334 71.202 0.116386 0.00975636 0.067445 
541 1.36062 1.30437 0.0743476 0.152173 0.0063378 75.6096 0.134604 0.0105782 0.0681036 
542 1.33793 1.32228 0.0739309 0.144497 0.0060678 72.427 0.116245 0.0105436 0.0705004 
543 1.33999 0.9376 0.051569 0.131106 0.00548558 64.5596 0.131243 0.00886648 0.0676309 
544 0.891257 0.816887 0.0529492 0.138503 0.00572104 61.1763 0.14228 0.00742537 0.0658332 
545 0.793175 1.09725 0.0503217 0.15163 0.00619077 66.8266 0.140707 0.00974956 0.0648491 
546 0.812175 1.11872 0.0497121 0.15218 0.00620546 66.3439 0.140907 0.00994064 0.0644832 
547 0.98537 1.22697 0.0597385 0.165789 0.00694754 67.8484 0.142375 0.00994091 0.0674404 
548 0.963479 1.2165 0.0643367 0.163977 0.00685414 67.3374 0.138857 0.0100713 0.0743178 
549 0.902905 1.40506 0.0664459 0.16264 0.0068427 63.479 0.149974 0.0108981 0.0816372 
550 0.904072 1.33102 0.0665838 0.163481 0.00700087 63.183 0.16846 0.0110818 0.0791108 
551 0.891767 1.33138 0.0617041 0.137763 0.00609107 66.3115 0.162666 0.0105047 0.0827161 
552 0.87327 1.33233 0.0552193 0.134249 0.00592955 66.5614 0.162899 0.010345 0.0757348 
553 1.08049 1.2772 0.0557207 0.137233 0.00625517 66.7836 0.153461 0.00971603 0.0755741 
554 1.07706 1.25528 0.0498444 0.125841 0.00602515 66.079 0.141846 0.00996019 0.0672911 
555 1.0675 1.00423 0.043296 0.113781 0.00566149 73.9691 0.143778 0.00727963 0.0729454 
556 1.08578 1.02404 0.0426962 0.114653 0.00571307 72.718 0.148569 0.00727103 0.0697916 
557 1.0031 1.20537 0.0573592 0.124691 0.00657577 76.1174 0.148548 0.011226 0.0947751 
558 1.00457 1.1804 0.0481523 0.132381 0.00695549 75.9741 0.142495 0.0112342 0.0887572 
559 0.867483 1.29486 0.0516696 0.168457 0.00855997 66.515 0.173959 0.0150082 0.0736769 
560 1.39923 1.61529 0.0524772 0.165558 0.00835276 51.467 0.191936 0.0155895 0.0641648 
561 1.42067 1.75157 0.0621451 0.164843 0.00821572 58.6121 0.186498 0.0161102 0.0636498 
562 1.42891 1.72319 0.0623357 0.165775 0.0082452 57.036 0.189974 0.0159178 0.063646 
563 1.2169 1.69527 0.0610318 0.163374 0.00810034 57.2479 0.185673 0.0159194 0.0616866 
564 1.27959 1.67935 0.0656237 0.160688 0.00787148 55.4952 0.175031 0.0155963 0.0611322 
565 1.41314 1.67513 0.0648753 0.167832 0.00822015 49.3232 0.166482 0.0152409 0.0642534 
566 1.40075 1.83492 0.0634777 0.161764 0.00788769 64.3049 0.150724 0.0156395 0.0773654 
567 1.32588 1.69186 0.0596283 0.156494 0.00744799 67.3358 0.150315 0.0142537 0.0531655 
568 1.49545 1.77492 0.0681457 0.142516 0.00667897 68.968 0.169632 0.013579 0.0741391 
569 1.69028 1.56678 0.0654634 0.120499 0.00550668 80.4136 0.141963 0.00973598 0.0754682 
570 1.47806 1.13124 0.064633 0.119375 0.0055207 92.4991 0.123499 0.0074 0.0806876 
571 1.49672 1.15813 0.0534478 0.114818 0.00537782 90.3232 0.126491 0.00655337 0.0814358 
572 1.48924 1.13066 0.05425 0.112445 0.00522324 90.3901 0.118013 0.00655392 0.0825233 
573 1.49785 1.16351 0.0678215 0.111523 0.00517849 90.1692 0.115555 0.0066698 0.0971736 
574 1.41136 1.14946 0.0643777 0.099719 0.0046846 89.1821 0.116904 0.00655172 0.0992693 
575 1.33431 1.14681 0.0659863 0.0613079 0.00277584 88.4673 0.11723 0.00501384 0.0987582 
576 1.30953 1.13419 0.0661889 0.0629721 0.00281057 82.3163 0.111325 0.00449376 0.0934201 
577 1.31173 1.15363 0.0882377 0.0526049 0.00218875 81.9166 0.102766 0.00396749 0.131987 
578 1.18519 0.956147 0.083615 0.0630522 0.00277576 82.3316 0.0916101 0.00377627 0.126619 
579 0.729557 1.09765 0.0820243 0.059964 0.00268539 72.0873 0.0799858 0.00404406 0.125994 
580 0.516813 1.14486 0.0828469 0.0779853 0.00334231 57.8072 0.0800382 0.00492443 0.123992 
581 0.426264 0.933944 0.0862475 0.0756287 0.00319017 58.5476 0.0683745 0.0044421 0.120965 
582 0.432917 0.903457 0.0841603 0.0773955 0.00345541 57.4 0.0754908 0.0047309 0.11492 
583 0.443685 1.13081 0.0876199 0.0760708 0.00340356 60.9232 0.0720219 0.00526661 0.128397 
584 0.466954 1.13017 0.0923063 0.0749136 0.0033713 58.6424 0.0776151 0.00526446 0.125381 
585 0.497365 1.16557 0.0966953 0.0969457 0.00412156 64.9942 0.0810464 0.0062483 0.123325 
586 0.782331 1.24949 0.0970083 0.0969522 0.00412121 58.8275 0.108842 0.00650214 0.122069 
587 0.868956 1.38442 0.0735526 0.0979523 0.00414732 50.4255 0.111915 0.00689905 0.0730423 
588 0.880017 1.37903 0.0737336 0.0924545 0.0038223 46.6659 0.105648 0.0068156 0.0759895 
589 0.880979 1.21341 0.0760334 0.12395 0.00567794 50.365 0.141403 0.00769373 0.0739567 
590 0.913709 1.34516 0.0757882 0.126822 0.00581261 48.4056 0.131289 0.00799574 0.0736003 
591 0.88512 1.34065 0.064379 0.128574 0.00587591 44.1089 0.131633 0.00797897 0.0730539 
592 1.12088 1.34336 0.0665262 0.121248 0.00556831 42.0489 0.151313 0.00796964 0.0680078 
593 1.31467 1.15052 0.0652343 0.115893 0.00544137 42.9513 0.16436 0.00671845 0.0413743 
594 1.28733 1.15209 0.0628899 0.120234 0.00592842 44.2203 0.167931 0.00665026 0.0438261 
595 1.30545 1.38887 0.0428602 0.119476 0.0058647 48.3868 0.167895 0.00770449 0.0503258 
596 1.31845 1.20984 0.042966 0.122735 0.00593084 51.1648 0.163416 0.00764318 0.0481571 
597 1.30008 1.18529 0.044047 0.121598 0.00596243 51.2808 0.165697 0.0076608 0.0471807 
598 1.30285 1.23107 0.0540677 0.117071 0.00571383 56.787 0.161201 0.00752888 0.0364007 
599 1.29951 1.28305 0.0517762 0.0911021 0.00456865 55.1878 0.142424 0.00825134 0.0382971 
600 1.31152 1.27252 0.0517837 0.0867328 0.00439603 65.3911 0.14443 0.00773264 0.0474639 
601 1.32751 1.28607 0.0544129 0.0809915 0.00417572 65.7826 0.138078 0.00758579 0.0480645 
602 1.03477 1.2861 0.0506192 0.0889185 0.00460248 65.8753 0.112779 0.00794318 0.0480947 
603 0.94658 1.47789 0.0463873 0.111064 0.00567876 67.4971 0.100377 0.0100873 0.0507737 
604 0.983123 1.50404 0.0505525 0.104068 0.00520401 64.0773 0.106216 0.0103312 0.0457226 
605 1.02513 1.28429 0.0589284 0.107738 0.00555443 65.2405 0.132764 0.00938498 0.0439784 
606 1.07223 1.34991 0.0585342 0.107034 0.0055694 57.6365 0.153218 0.00946791 0.0406881 
607 1.07587 1.3271 0.0573782 0.10899 0.00567293 57.5976 0.154239 0.00990383 0.0384293 
608 1.10585 1.33028 0.0477752 0.11006 0.00574399 54.9427 0.154673 0.0100654 0.0424991 
609 1.13882 1.26172 0.0512525 0.105577 0.00551651 54.9209 0.150022 0.00955314 0.0469922 
610 1.13731 1.24479 0.0518398 0.107801 0.00561983 40.0444 0.146341 0.00954757 0.0418358 
611 1.15668 1.29063 0.0445866 0.116935 0.00623671 48.2541 0.144191 0.0105039 0.0459439 
612 1.16518 1.34129 0.0611651 0.123243 0.00670466 49.462 0.156789 0.0114157 0.0493388 
613 1.21232 1.27232 0.0605164 0.0987059 0.00554225 68.9223 0.152205 0.00962433 0.0760725 
614 1.20795 1.30447 0.059028 0.0978329 0.00550976 67.7187 0.150174 0.00982519 0.0800778 
615 1.15637 1.32995 0.0665009 0.0914525 0.00514361 63.2433 0.133721 0.00966527 0.090597 
616 0.963595 1.05134 0.0710796 0.0888941 0.00504025 65.1556 0.103909 0.00859126 0.0888616 
617 1.01577 1.0473 0.0682891 0.0890914 0.00522213 64.6601 0.0994918 0.00869105 0.0821144 
618 0.896435 1.04802 0.0638487 0.0965676 0.00570159 65.4678 0.109808 0.00937674 0.0659562 
619 0.898503 1.04796 0.0672302 0.100988 0.00584607 96.0483 0.111081 0.0095221 0.0723479 
620 0.921073 1.3098 0.0943947 0.118779 0.00696107 109.582 0.116767 0.0125827 0.0668338 
621 1.00433 1.3433 0.0971545 0.124488 0.00734566 115.276 0.116822 0.0132816 0.0914695 
622 1.04696 1.2981 0.0911874 0.106534 0.00625385 112.641 0.0971734 0.0120606 0.0936862 
623 1.0895 1.15558 0.0931716 0.104012 0.00619227 104.263 0.0976387 0.0114819 0.0797696 
624 1.09016 1.26319 0.0948375 0.105807 0.0063795 107.517 0.0999273 0.0114896 0.0916442 
625 1.0993 1.26828 0.0853649 0.112534 0.00701571 107.335 0.0998188 0.0116432 0.0709895 
626 0.964145 1.26093 0.0839171 0.112929 0.00708858 102.269 0.103317 0.0118179 0.0705968 
627 0.870054 1.2625 0.0817771 0.113063 0.00711808 102.982 0.107901 0.0121678 0.0629676 
628 0.88367 1.32474 0.0753723 0.109372 0.00701128 88.0143 0.104875 0.0118368 0.0647338 
629 0.866012 1.35682 0.0702381 0.0981862 0.00678723 63.77 0.120822 0.0118856 0.064744 
630 0.944407 0.941475 0.0491806 0.0856495 0.00607436 79.3437 0.112243 0.007852 0.0668849 
631 0.80476 0.890985 0.0788187 0.0920511 0.00628504 90.2452 0.109247 0.00677067 0.113567 
632 0.945878 0.889341 0.100055 0.123018 0.00791671 98.0864 0.109607 0.00730256 0.114168 
633 0.890772 1.45581 0.118165 0.122862 0.00789982 92.3054 0.100257 0.0101039 0.1262 
634 0.891955 1.36794 0.122178 0.11717 0.00744293 90.6929 0.0983421 0.0101184 0.124143 
635 0.897072 1.3725 0.116347 0.126707 0.00790782 93.3539 0.107643 0.0100816 0.123498 
636 0.908151 1.36475 0.113965 0.126399 0.00780078 93.2519 0.112223 0.00935856 0.12104 
637 0.921395 1.33205 0.123083 0.117426 0.00720087 90.7785 0.107492 0.00812501 0.143511 
638 0.944102 1.37817 0.126563 0.116465 0.00706896 92.1598 0.109146 0.00849787 0.156055 
639 0.92069 1.32993 0.126974 0.111585 0.00655512 85.6135 0.0916043 0.00845482 0.176905 
640 1.00995 1.38819 0.127072 0.127969 0.00740703 79.8489 0.0884019 0.010053 0.181492 
641 0.864411 1.35229 0.130239 0.123466 0.00718366 75.0734 0.0857522 0.00923518 0.156556 
642 0.785805 1.29125 0.125047 0.100769 0.0056655 71.1661 0.084488 0.00940024 0.15531 
643 0.836476 0.779105 0.110546 0.108953 0.00623233 82.9875 0.111375 0.00768432 0.166542 
644 0.78956 0.731663 0.101129 0.112738 0.00653605 84.5283 0.117163 0.00782029 0.166384 
645 0.769736 0.602956 0.10518 0.147458 0.00872477 85.6664 0.145771 0.0103562 0.160844 
646 0.773736 0.599691 0.10986 0.160761 0.00941859 87.7311 0.150588 0.0107852 0.161017 
647 0.951461 0.58648 0.12349 0.171526 0.00999892 87.3225 0.204701 0.0113028 0.174505 
648 0.992646 0.718635 0.121486 0.184904 0.0107888 81.0439 0.202562 0.0167929 0.160867 
649 0.996315 0.931443 0.120154 0.185707 0.0108264 74.6264 0.203982 0.0186896 0.131403 
650 0.888315 0.888846 0.121149 0.179992 0.0105894 77.8474 0.203863 0.0181235 0.141177 
651 0.893174 0.993604 0.10874 0.18615 0.0109283 73.1011 0.214092 0.0198379 0.143272 
652 0.807734 0.985104 0.105729 0.183021 0.010785 59.6979 0.214089 0.0197098 0.143608 
653 0.878029 1.03709 0.101836 0.17899 0.0104894 51.7461 0.208081 0.0195116 0.123352 
654 0.878166 1.07591 0.101198 0.176406 0.010298 42.9933 0.205124 0.0194546 0.113836 
655 0.877318 1.07861 0.0903757 0.138867 0.00786053 43.9467 0.174256 0.0184158 0.111102 
656 0.941191 1.18826 0.0702533 0.129026 0.00724726 41.5685 0.175603 0.018547 0.103374 
657 0.932959 1.23144 0.0568641 0.116947 0.00647002 38.6662 0.135574 0.0182767 0.0826671 
658 0.890216 1.04385 0.0557385 0.0918404 0.00486359 41.7692 0.135183 0.0118911 0.0848447 
659 0.821468 0.934231 0.0491386 0.0915686 0.00487146 39.5358 0.130699 0.0101805 0.085349 
660 0.833176 0.893058 0.0492642 0.102579 0.00506377 34.2397 0.147964 0.0101973 0.0762949 
661 0.838958 1.08596 0.048947 0.0872457 0.00410385 35.9625 0.140507 0.00724838 0.0770315 
662 0.897431 1.20131 0.0433127 0.0867649 0.00411709 39.2182 0.144733 0.00756882 0.0871464 
663 0.812166 1.28764 0.0645975 0.102148 0.00493098 39.4765 0.146787 0.00888401 0.104959 
664 0.915954 1.26791 0.0647996 0.103817 0.00495918 43.4135 0.158893 0.00871317 0.101117 
665 0.915924 1.31528 0.0795838 0.103777 0.00481063 47.7967 0.14536 0.00880317 0.102029 
666 1.1265 1.44652 0.0795535 0.114529 0.00529671 52.7045 0.14263 0.00961335 0.105553 
667 0.987826 1.40202 0.0736976 0.114415 0.00531594 54.8776 0.126703 0.00948597 0.0973341 
668 0.994919 1.38114 0.0733432 0.113488 0.0052625 55.995 0.127489 0.00947975 0.100332 
669 1.1102 1.37968 0.0742474 0.116572 0.0054009 57.1198 0.128185 0.00955838 0.0997443 
670 1.16887 1.54214 0.084103 0.097821 0.0046585 50.739 0.111752 0.00901155 0.103585 
671 1.64596 1.28279 0.0848124 0.10157 0.00481548 50.5399 0.113391 0.00831045 0.104023 
672 1.67939 1.28692 0.0842198 0.100678 0.00482709 45.0651 0.11493 0.00845898 0.0956383 
673 1.67876 1.37865 0.0701688 0.109425 0.00492815 58.2144 0.116237 0.00895809 0.0722947 
674 1.55658 1.37616 0.0692003 0.110847 0.00496359 56.7968 0.0977103 0.00895795 0.0732782 
675 1.51904 1.39056 0.0481042 0.0890888 0.00402338 47.5113 0.102959 0.00782675 0.0735941 
676 1.4607 1.14583 0.0572835 0.0812393 0.00359864 79.5177 0.104442 0.00634288 0.0715396 
677 1.66913 1.15606 0.0575311 0.0827116 0.0035368 90.4948 0.103782 0.00649988 0.0807803 
678 1.66983 1.26043 0.0672876 0.0865153 0.00384242 99.7252 0.104654 0.00648466 0.079669 
679 1.61882 1.25617 0.0708445 0.0899749 0.00389168 110.193 0.0973555 0.006497 0.0983471 
680 1.74128 1.17279 0.0538286 0.0892974 0.00389536 111.108 0.0870534 0.0065035 0.0790604 
681 1.18104 0.974168 0.0547758 0.0885415 0.00411164 112.717 0.0891628 0.00566248 0.0788911 
682 1.15702 1.03847 0.064566 0.0891047 0.00415663 111.827 0.0858819 0.00606302 0.0793588 
683 1.17189 1.03177 0.0609156 0.0834572 0.00410479 106.164 0.0843449 0.0047828 0.0770086 
684 1.16233 1.08719 0.0646872 0.0810892 0.00408855 106.23 0.0847372 0.00464697 0.080304 
685 1.32745 1.18031 0.0651424 0.0792205 0.00414732 106.211 0.0830412 0.00552146 0.0808133 
686 1.38176 1.25425 0.0707785 0.11922 0.00654071 79.1829 0.0954466 0.00919685 0.0841635 
687 1.18998 1.29366 0.072587 0.119278 0.00653908 71.5568 0.0914875 0.00936319 0.0801544 
688 1.21015 1.16942 0.0632982 0.122263 0.00670936 51.5006 0.104501 0.00926587 0.0800252 
689 1.10471 1.15885 0.0535531 0.125388 0.00692461 35.2908 0.104639 0.00936006 0.0570219 
690 1.24114 1.19498 0.0554486 0.121578 0.00674486 48.9825 0.127336 0.00940119 0.0626185 
691 1.46336 1.33248 0.0994118 0.126285 0.00639585 85.6617 0.109625 0.00842588 0.0609379 
692 1.51619 1.23243 0.114683 0.133858 0.00684052 94.7909 0.102415 0.00872226 0.123408 
693 1.51813 1.26975 0.111602 0.138427 0.00710761 95.7445 0.102946 0.00870824 0.11941 
694 1.5356 1.1943 0.121658 0.138473 0.00702008 102.603 0.108911 0.00907322 0.119434 
695 1.42246 1.12147 0.124737 0.150582 0.0076679 102.583 0.13951 0.0097039 0.121286 
696 1.39769 1.06406 0.123271 0.160155 0.0081106 103.193 0.144816 0.0103094 0.121377 
697 1.51143 1.12921 0.132329 0.172131 0.0087789 105.37 0.142731 0.0134042 0.144222 
698 1.4881 1.15063 0.132139 0.174817 0.00892302 105.041 0.137335 0.0133916 0.146436 
699 1.47716 1.22393 0.131817 0.186572 0.00959134 104.837 0.155834 0.0154723 0.144931 
700 1.1646 1.22698 0.130309 0.186549 0.00957673 96.6904 0.148172 0.0155168 0.142716 
701 1.03578 1.14678 0.0985717 0.178907 0.00962293 63.1358 0.158292 0.0158876 0.142762 
702 1.03098 1.19077 0.0627816 0.17547 0.00944988 52.1222 0.153567 0.0151727 0.0784686 
703 1.0086 1.04717 0.0538507 0.178192 0.00958885 47.38 0.153463 0.0149507 0.0787602 
704 1.22287 1.04879 0.0529045 0.17936 0.00965699 35.0859 0.188572 0.0149573 0.0761269 
705 1.1966 1.0487 0.0471311 0.176228 0.00942135 49.2414 0.174132 0.0148314 0.0833132 
706 1.334 1.07976 0.0785137 0.129171 0.00687698 57.5775 0.182445 0.011026 0.134919 
707 1.24791 1.68161 0.0656594 0.132863 0.00700668 54.9133 0.180668 0.0118708 0.113777 
708 1.37637 1.72778 0.0613286 0.138583 0.00722816 57.2572 0.181734 0.0125832 0.108203 
709 1.38472 1.6799 0.0627924 0.128337 0.00659108 55.6414 0.174948 0.0107364 0.105285 
710 1.24188 1.7842 0.0732574 0.137886 0.00705786 53.145 0.163819 0.0118095 0.110274 
711 1.2466 1.82214 0.0759408 0.120363 0.00602319 52.5421 0.15649 0.0114112 0.110553 
712 1.21858 1.7843 0.0813904 0.108827 0.00530943 52.3157 0.161753 0.0115804 0.111367 
713 1.26127 1.90588 0.0812922 0.11074 0.00540083 59.4961 0.161669 0.0121441 0.119107 
714 1.13175 1.97858 0.0975673 0.113717 0.00556688 58.8801 0.136817 0.0121511 0.150519 
715 1.10884 2.03589 0.112499 0.18649 0.0105514 55.9731 0.198049 0.0163072 0.148741 
716 1.05635 1.98272 0.0893381 0.180464 0.0103413 50.111 0.179234 0.0166522 0.0988192 
717 1.05987 1.42769 0.0923137 0.171422 0.00996136 62.7252 0.172151 0.0144053 0.0909353 
718 0.839427 1.37326 0.0820879 0.171546 0.0099537 61.1792 0.16022 0.0144098 0.0878727 
719 0.882474 1.47372 0.078415 0.170164 0.0098815 58.9614 0.165733 0.0145513 0.0785781 
720 0.893566 1.39443 0.0810565 0.192988 0.0119553 61.4809 0.195343 0.0152474 0.0782189 
721 0.894881 1.3942 0.0791339 0.187899 0.0119733 60.1014 0.195547 0.0162463 0.0701333 
722 0.917325 1.39926 0.0834926 0.17669 0.0117999 64.6552 0.170579 0.0167887 0.0644102 
723 0.876131 1.29688 0.0923478 0.18203 0.0122005 66.4934 0.185267 0.0171517 0.0663571 
724 0.843631 1.10746 0.0908013 0.180333 0.0121163 67.0905 0.195368 0.0166823 0.039521 
725 0.844591 1.07668 0.0822788 0.158533 0.0112649 63.3074 0.183666 0.0149045 0.0466824 
726 0.752426 1.01036 0.0695695 0.165765 0.0118677 68.7567 0.180345 0.0164954 0.0513405 
727 0.696406 0.941114 0.0698674 0.179787 0.0131947 70.1713 0.193219 0.016287 0.0866733 
728 0.679057 0.950846 0.0974146 0.180046 0.0132072 90.1676 0.191634 0.0165497 0.0868998 
729 0.762408 0.842066 0.0964712 0.183531 0.013398 93.9058 0.194246 0.0180315 0.0930315 
730 0.781306 0.839433 0.0878195 0.150559 0.0110605 92.6729 0.172632 0.0165954 0.0934677 
731 0.783347 0.7454 0.090561 0.149198 0.0109594 92.6207 0.169765 0.0162374 0.0961401 
732 0.833697 0.678371 0.0910375 0.102526 0.00775406 85.5046 0.173485 0.0125436 0.0807831 
733 0.781199 0.777648 0.0901058 0.119188 0.00888092 79.2951 0.184886 0.0125375 0.0761146 
734 0.742384 0.826029 0.0690909 0.164929 0.0116125 84.5218 0.16798 0.0181055 0.0643447 
735 0.84899 0.952472 0.076456 0.174852 0.0122415 88.1155 0.16778 0.0207568 0.0663355 
736 0.788566 0.859291 0.076456 0.173859 0.0121636 85.3015 0.163018 0.0198357 0.0728644 
737 0.979085 0.859278 0.0763179 0.189632 0.0132806 75.4937 0.158628 0.0205401 0.056922 
738 0.982058 1.00456 0.0692812 0.187637 0.0131611 52.6383 0.159374 0.0214394 0.0705231 
739 0.90465 0.961645 0.0730309 0.186944 0.0131372 46.405 0.15101 0.0201283 0.0707687 
740 0.90465 0.994333 0.0730514 0.182749 0.0128058 57.8784 0.142135 0.0199535 0.0839395 
741 0.916726 1.09522 0.0697731 0.18571 0.0130651 64.4087 0.139792 0.0200906 0.0769181 
742 0.859819 1.10895 0.0744413 0.197357 0.0139287 65.2652 0.135836 0.0200501 0.0771967 
743 0.8811 1.27238 0.0848183 0.176552 0.0124364 76.9131 0.0991161 0.0209964 0.0769095 
744 0.986294 1.26409 0.0879117 0.144507 0.0102651 80.0315 0.0886974 0.0187243 0.0768012 
745 0.950725 1.1378 0.0826623 0.120154 0.00873605 74.6528 0.110986 0.0123089 0.0768955 
746 1.07928 1.18281 0.0735157 0.121526 0.00873957 75.9416 0.112468 0.0130791 0.0755315 
747 0.991431 1.15037 0.0909602 0.11105 0.00760928 78.4992 0.107308 0.0129374 0.0805456 
748 1.16069 1.11594 0.0904753 0.119007 0.00812168 75.0079 0.108016 0.0130349 0.0635816 
749 1.1705 0.939461 0.0896188 0.121093 0.00818602 77.5835 0.108603 0.0114111 0.065529 
750 1.14866 0.994634 0.0909641 0.134025 0.00884843 75.8795 0.11622 0.0130201 0.0522683 
751 1.15415 0.945822 0.0912852 0.145794 0.00944794 62.2823 0.1182 0.0129281 0.0545003 
752 1.15317 0.993171 0.0841131 0.166098 0.0107137 62.2607 0.143364 0.0127706 0.0512017 
753 1.11653 0.771241 0.0795792 0.164245 0.0105386 53.7737 0.143956 0.00992126 0.0497326 
754 1.04152 0.778214 0.0725914 0.159633 0.0101797 37.4214 0.136128 0.00982715 0.0497661 
755 1.08985 0.876514 0.0752212 0.170591 0.0108681 21.2854 0.164808 0.0149319 0.0538223 
756 1.04603 0.871048 0.0736479 0.167863 0.0106881 24.1284 0.169791 0.0148443 0.0698812 
757 0.999157 1.02345 0.0480905 0.164696 0.0104726 30.8564 0.169275 0.014954 0.0638873 
758 0.835418 1.19676 0.0493023 0.148519 0.0094195 29.1767 0.173008 0.0163331 0.0646944 
759 1.03834 1.30837 0.0467645 0.149182 0.00953976 27.099 0.178401 0.0176292 0.0589259 
760 1.07496 1.34756 0.0466775 0.116438 0.00742741 24.5554 0.183014 0.0171936 0.059999 
761 1.09961 1.26819 0.0395098 0.123756 0.00795687 24.5304 0.183311 0.0169681 0.0521606 
762 1.05566 1.29003 0.0393941 0.149249 0.010018 24.926 0.18092 0.0194712 0.0525447 
763 1.07396 1.25107 0.0309772 0.148403 0.00997776 33.7384 0.180421 0.0187036 0.0547255 
764 1.07328 1.26078 0.0310794 0.150802 0.0102118 39.1868 0.181052 0.0185398 0.0588177 
765 1.05173 1.11298 0.0382531 0.185985 0.0127913 39.8527 0.209936 0.0176881 0.0599256 
766 0.998846 1.14643 0.0405114 0.191297 0.0133234 49.4488 0.21475 0.0176467 0.0517725 
767 0.983605 0.954342 0.0441936 0.203649 0.0145251 52.8736 0.221207 0.0178309 0.0498649 
768 0.877122 0.926706 0.0546102 0.228222 0.0164395 52.8823 0.206219 0.0232815 0.0581512 
769 0.723294 0.813381 0.0543311 0.223367 0.0161358 53.0092 0.208323 0.0232012 0.0583649 
770 0.626237 0.863197 0.0629633 0.220298 0.015937 53.6029 0.198811 0.0242979 0.0735387 
771 0.620815 0.887412 0.0665637 0.21722 0.0157127 53.4626 0.197119 0.0247418 0.0791658 
772 0.6106 0.880605 0.105142 0.191045 0.014038 53.6113 0.184449 0.0224805 0.122119 
773 0.810397 0.963039 0.108335 0.198126 0.0145107 49.8149 0.193963 0.024063 0.121763 
774 0.820358 0.935886 0.107899 0.198573 0.0144854 44.7335 0.199228 0.0243102 0.118229 
775 0.877261 0.924804 0.106858 0.160525 0.0118711 50.1835 0.154351 0.0219743 0.113979 
776 0.885606 0.770028 0.108083 0.159023 0.011658 39.3778 0.144206 0.0214665 0.11105 
777 0.891826 0.861315 0.0986166 0.125955 0.0088204 31.3047 0.137254 0.0183358 0.111136 
778 0.819897 0.819667 0.0738824 0.102428 0.00672863 32.963 0.140318 0.0151788 0.099543 
779 0.833346 0.807595 0.0767524 0.111182 0.00722129 33.3975 0.138348 0.0151245 0.114391 
780 0.825245 0.773296 0.0848535 0.141129 0.00903884 30.9516 0.127888 0.0162379 0.111912 
781 0.825924 0.802931 0.0869869 0.238466 0.0175433 56.4991 0.133535 0.0158273 0.115224 
782 0.931941 0.837738 0.0682455 0.236623 0.0173143 61.4239 0.144509 0.0190531 0.0815477 
783 0.728048 0.768246 0.0678987 0.251545 0.0181844 57.8918 0.151029 0.0169837 0.0980661 
784 0.829224 0.842739 0.0678018 0.242446 0.0176527 64.4487 0.163429 0.0184538 0.0986713 
785 0.82026 0.941853 0.0630719 0.242778 0.0176658 57.1189 0.16089 0.0199896 0.100388 
786 0.925095 0.89501 0.0685223 0.236148 0.0171074 56.0341 0.175138 0.0196968 0.102727 
787 0.885247 0.829043 0.070662 0.16153 0.0113034 56.5257 0.175128 0.0194246 0.104256 
788 0.889038 0.827396 0.0813743 0.1603 0.0112003 57.4496 0.174781 0.0194068 0.11346 
789 0.888952 0.786661 0.0925153 0.111175 0.00748402 58.1115 0.181528 0.0195254 0.115773 
790 0.872781 0.938579 0.071735 0.115552 0.00777902 60.029 0.177238 0.0196842 0.123767 
791 0.929145 0.980659 0.079992 0.11357 0.00766513 57.2035 0.176462 0.0199264 0.115459 
792 0.826474 0.795548 0.0791575 0.0876729 0.00590505 63.1873 0.161763 0.0150863 0.110598 
793 0.778837 0.777709 0.0693994 0.0877364 0.00598764 53.3311 0.14094 0.0147432 0.0781548 
794 0.603577 0.745621 0.0597792 0.106673 0.00775196 50.4538 0.115909 0.014027 0.088327 
795 0.549427 0.675164 0.0414518 0.115349 0.00855667 58.8559 0.118034 0.0124069 0.0811134 
796 0.701103 0.85807 0.0454028 0.121909 0.00921264 60.8624 0.110083 0.015114 0.0811553 
797 0.868861 0.864002 0.0492388 0.15415 0.0123514 62.6237 0.0888107 0.0186179 0.0817304 
798 0.869021 0.886618 0.0513789 0.152354 0.0122338 61.3937 0.087014 0.018359 0.0790691 
799 0.87638 0.893975 0.0498125 0.148305 0.0120275 61.5087 0.0811391 0.0184855 0.077237 
800 0.876022 0.725673 0.0581361 0.153244 0.0125574 55.8185 0.0900245 0.0190057 0.0744509 
801 0.833381 0.751243 0.0530135 0.15353 0.0125624 57.4356 0.088825 0.0197657 0.0763852 
802 1.00951 0.745511 0.107731 0.153948 0.0125755 55.2599 0.127008 0.0199051 0.153305 
803 1.11694 0.78125 0.107888 0.167396 0.0136178 55.5251 0.125138 0.0198891 0.15327 
804 1.12987 0.752577 0.106765 0.15654 0.012791 47.6396 0.118605 0.0186804 0.140401 
805 1.1849 0.808985 0.123603 0.152577 0.0124563 40.6698 0.130978 0.0186312 0.168043 
806 0.976871 0.639073 0.11157 0.155512 0.0124162 46.0342 0.120183 0.0165203 0.166384 
807 0.887964 0.627664 0.111006 0.121516 0.00888212 54.4473 0.123708 0.0129365 0.177565 
808 0.983767 0.696678 0.108868 0.125146 0.0090659 57.5098 0.122717 0.0140726 0.177396 
809 0.966127 0.703814 0.0965311 0.129118 0.00933533 60.4245 0.118714 0.0141021 0.173182 
810 0.988023 0.681902 0.0960408 0.146401 0.00996594 71.9 0.149982 0.0133264 0.180495 
811 0.980104 0.619771 0.10141 0.157381 0.0107895 86.6178 0.151048 0.0123616 0.20538 
812 1.07142 1.00877 0.0814359 0.154352 0.0107221 83.5831 0.136951 0.0157976 0.171883 
813 1.02642 0.963885 0.082708 0.180592 0.0123778 83.5637 0.182065 0.0171467 0.172207 
814 1.13871 1.02125 0.086401 0.198973 0.0135564 83.5231 0.231927 0.0191217 0.173553 
815 1.08053 1.18421 0.0705488 0.253393 0.0177509 85.0723 0.270311 0.0292581 0.142446 
816 1.07845 1.2014 0.0702765 0.252275 0.0176924 86.3183 0.264529 0.0296063 0.121504 
817 1.05642 1.19126 0.0700734 0.251275 0.0176536 84.064 0.264957 0.0291114 0.114667 
818 1.04046 1.24099 0.072468 0.257726 0.0178675 77.5613 0.28789 0.0294962 0.0914161 
819 1.04036 1.31865 0.0736424 0.249618 0.0172333 98.2009 0.288724 0.0299859 0.117612 
820 1.05283 1.40307 0.111864 0.233248 0.0158289 96.6175 0.282089 0.0310445 0.128098 
821 1.0565 1.48235 0.106275 0.233481 0.0158299 96.3323 0.283432 0.031567 0.118635 
822 0.805524 1.36963 0.109858 0.228847 0.0155374 101.816 0.296465 0.0300719 0.147286 
823 1.20386 1.37757 0.109411 0.254147 0.0157428 118.398 0.27311 0.0287291 0.157276 
824 1.20829 1.49322 0.109302 0.229182 0.0137994 118.31 0.229454 0.0255852 0.157344 
825 1.26808 1.40063 0.108544 0.176395 0.00884341 122.099 0.191626 0.0185143 0.182625 
826 1.28921 1.41298 0.109799 0.182294 0.00936108 129.08 0.191215 0.018405 0.191689 
827 1.32067 1.46368 0.12061 0.185893 0.00972651 135.05 0.2014 0.0184081 0.210024 
828 1.27839 1.41746 0.143041 0.164762 0.00866668 133.733 0.1431 0.0156858 0.220597 
829 1.29315 1.35358 0.153537 0.162576 0.00853162 111.622 0.143206 0.0137248 0.215311 
830 1.28026 1.23305 0.128922 0.172448 0.00925145 111.309 0.16199 0.0108871 0.205781 
831 1.29204 1.18789 0.119475 0.17232 0.00914345 97.8598 0.162038 0.0109039 0.176901 
832 1.18532 1.06274 0.0839631 0.171496 0.00903344 85.3111 0.136037 0.0103135 0.100758 
833 0.875807 1.02835 0.0769324 0.131497 0.00774117 76.9926 0.132286 0.0106931 0.105636 
834 0.854462 0.891388 0.0640476 0.131672 0.00773655 90.9838 0.140468 0.00970891 0.0985093 
835 0.811878 0.884453 0.0690834 0.128618 0.00757711 84.6674 0.142016 0.00941589 0.0948367 
836 0.775554 0.894878 0.0691632 0.117967 0.00698755 81.4906 0.143082 0.00930018 0.0938681 
837 0.809013 0.813995 0.0688841 0.101987 0.00603616 68.8812 0.12236 0.00943294 0.083074 
838 0.893415 0.808391 0.0536095 0.113115 0.00683504 68.781 0.118198 0.0100475 0.0695776 
839 0.881759 1.08471 0.0488887 0.134357 0.00831277 70.1043 0.133162 0.0144628 0.0720562 
840 0.875639 1.05744 0.0489397 0.105111 0.00670556 70.1567 0.120417 0.0125759 0.0722954 
841 0.837501 1.0286 0.0457563 0.114031 0.00727565 61.2917 0.122721 0.0126346 0.0694835 
842 0.955024 0.895142 0.0454337 0.116646 0.00745626 60.1223 0.124633 0.01153 0.0691414 
843 1.27109 0.860101 0.0487309 0.124213 0.00817777 59.0036 0.123979 0.0109866 0.0738025 
844 1.1485 1.12896 0.0498677 0.122353 0.00804839 48.5764 0.07981 0.0128844 0.0662568 
845 1.15271 1.13026 0.0424276 0.122733 0.00804955 49.5412 0.0792431 0.012899 0.0620846 
846 1.20188 1.12367 0.0578984 0.13831 0.00885712 51.5312 0.0721104 0.0138061 0.0587228 
847 1.16418 1.20569 0.069256 0.123721 0.00791969 52.8683 0.0723967 0.0147717 0.0520537 
848 1.06797 1.24527 0.0715192 0.12303 0.00787698 52.0974 0.0707422 0.014613 0.0558322 
849 1.05637 0.945931 0.0704871 0.113132 0.00725967 54.4037 0.0549042 0.00983369 0.0443098 
850 1.11887 0.945017 0.0701996 0.116763 0.0074405 60.409 0.0970586 0.0102493 0.056566 
851 1.11639 1.28699 0.0688 0.102022 0.00631743 65.5658 0.097535 0.0118313 0.0671343 
852 0.949543 1.32378 0.0670559 0.103285 0.00642658 64.9618 0.088071 0.0123462 0.0658218 
853 0.671359 1.30827 0.0660777 0.101603 0.00633454 63.7237 0.0904916 0.0121058 0.0648872 
854 0.697611 1.1357 0.0692216 0.108919 0.00667528 67.6511 0.106469 0.0114012 0.078153 
855 0.976435 1.56007 0.0691685 0.105535 0.00661549 68.7879 0.11855 0.012982 0.0804002 
856 0.879687 1.55871 0.0680673 0.079377 0.00507236 66.2491 0.117215 0.0119435 0.100396 
857 0.891973 1.43352 0.0608243 0.0985899 0.00653835 78.4407 0.140619 0.0114631 0.0969719 
858 0.93217 1.3249 0.0623584 0.107021 0.00711158 78.0766 0.139916 0.0112095 0.0957879 
859 1.00806 1.39481 0.0623584 0.114414 0.00774449 78.3269 0.159416 0.0111926 0.0961417 
860 0.923577 1.47221 0.0726551 0.112481 0.0076395 85.0278 0.149901 0.0114033 0.114127 
861 0.978828 1.40667 0.0845726 0.110398 0.00752434 90.8372 0.149339 0.0109172 0.135104 
862 0.967479 1.44239 0.0860362 0.109776 0.00750723 90.9043 0.149343 0.0108678 0.136766 
863 1.18482 1.55624 0.090136 0.112647 0.00773404 91.3525 0.152481 0.011852 0.137979 
864 1.18837 1.5764 0.0897778 0.103381 0.00725389 88.9083 0.145285 0.0112091 0.134989 
865 1.0233 1.21484 0.0889151 0.116672 0.00816745 78.166 0.135956 0.0114771 0.132472 
866 1.02014 1.2154 0.0848395 0.11621 0.00810718 71.8393 0.136335 0.0114312 0.116121 
867 1.11352 1.2119 0.0766133 0.109153 0.00808473 70.3219 0.152911 0.00937853 0.11442 
868 1.08694 1.21623 0.0728114 0.107971 0.00803788 70.229 0.152693 0.0093505 0.109683 
869 1.0118 1.06486 0.0665448 0.107116 0.00796199 73.2826 0.142408 0.00957564 0.10891 
870 1.00369 1.13993 0.0663153 0.107967 0.00825606 71.2127 0.127257 0.0114848 0.108751 
871 0.913226 0.925524 0.0493087 0.100735 0.00790726 59.0202 0.127058 0.00988188 0.0726054 
872 0.891852 0.994327 0.0474702 0.104281 0.0082142 60.5343 0.132985 0.0113736 0.0675066 
873 0.618646 1.02078 0.0354214 0.105848 0.00831543 60.541 0.122544 0.0122682 0.0596149 
874 0.607767 0.939394 0.0391902 0.114379 0.00898597 58.3156 0.124016 0.0127529 0.0583477 
875 0.686962 0.904875 0.0395443 0.117678 0.00935865 68.0652 0.155085 0.0119286 0.0604144 
876 0.691867 0.89485 0.0417056 0.120144 0.00950111 66.584 0.153584 0.0121533 0.0588135 
877 0.518628 0.895515 0.0348366 0.106224 0.00824599 48.0635 0.114058 0.0128642 0.0530443 
878 0.519923 0.913887 0.0389246 0.110986 0.00863805 41.522 0.11554 0.0136393 0.0586396 
879 0.57316 0.745192 0.0411507 0.113428 0.00884788 41.5902 0.1339 0.013639 0.0613129 
880 0.527074 0.749699 0.0447416 0.121945 0.00935889 56.5692 0.133454 0.0150941 0.0490658 
881 0.582835 0.711768 0.0450577 0.12065 0.00924664 57.3656 0.143607 0.0144281 0.0465463 
882 0.581853 0.711895 0.0438935 0.183407 0.0142852 55.6781 0.178998 0.0158671 0.0465401 
883 0.708294 0.615736 0.0437782 0.190292 0.0148429 55.6164 0.18429 0.0171089 0.0464562 
884 0.725806 0.921906 0.0398978 0.181645 0.0141506 54.917 0.180719 0.0195684 0.0381654 
885 0.691285 0.900994 0.0443769 0.183198 0.0143026 45.6523 0.185367 0.0196 0.0382861 
886 0.765686 0.90144 0.0393825 0.183172 0.0143483 43.8468 0.206462 0.0196366 0.0370415 
887 0.77084 1.02696 0.0386654 0.18695 0.0148695 43.8982 0.199467 0.0228925 0.0362337 
888 0.806576 1.01599 0.0420659 0.185794 0.0147174 54.0401 0.21126 0.0225458 0.0324697 
889 1.05274 0.981245 0.0473433 0.180124 0.0142461 62.3422 0.220903 0.0215345 0.0299253 
890 1.04768 0.920537 0.0478977 0.175053 0.0141761 54.1185 0.225987 0.0193255 0.0312122 
891 1.0464 0.926127 0.0478962 0.179557 0.0147043 55.2143 0.228412 0.0191422 0.0333945 
892 1.17277 0.957443 0.048334 0.133701 0.0113606 57.0245 0.236401 0.0187188 0.0416638 
893 1.11161 1.33364 0.0619995 0.128473 0.0110784 57.2849 0.234956 0.0195383 0.0530396 
894 1.11769 1.19206 0.0655847 0.130339 0.0112737 56.9423 0.237235 0.0172737 0.0575592 
895 1.08288 1.1737 0.0661821 0.124883 0.0108407 54.7831 0.219218 0.0174105 0.0599549 
896 1.01746 1.23761 0.0662132 0.12542 0.0109632 54.3451 0.203054 0.0171987 0.060023 
897 1.0114 1.17028 0.0681216 0.0922889 0.00810067 54.696 0.201302 0.010753 0.0649645 
898 0.994338 1.17656 0.0724684 0.0719551 0.00663615 49.4291 0.184367 0.0108437 0.0937738 
899 0.644182 1.16332 0.0723995 0.0618257 0.00548192 34.8137 0.11487 0.0108942 0.100548 
900 0.649693 1.15862 0.0799148 0.0589025 0.00528643 36.5515 0.115722 0.0108981 0.117885 
901 0.595063 1.20126 0.0801717 0.0589545 0.00549356 33.6611 0.103237 0.0109469 0.117987 
902 0.318839 1.17342 0.0794801 0.06331 0.00608822 28.0089 0.0773093 0.0115632 0.11394 
903 0.33542 0.811023 0.0679326 0.0733172 0.00708757 30.7812 0.0767799 0.00696594 0.107368 
904 0.423096 0.992206 0.0552793 0.0634626 0.00617113 31.6446 0.070923 0.0069285 0.0967932 
905 0.450766 1.04672 0.0437409 0.0630593 0.00611906 31.2914 0.0722855 0.00700987 0.0862057 
906 0.470763 0.967628 0.0401615 0.0614159 0.00594212 31.2383 0.0727878 0.00666301 0.08265 
907 0.595748 0.985807 0.041565 0.0617143 0.00596696 32.8743 0.0774558 0.00656152 0.0863681 
908 0.597751 0.978095 0.0435197 0.0586456 0.00566764 26.0837 0.0757495 0.00602576 0.0791834 
909 0.576845 1.00181 0.0428893 0.058196 0.00563712 29.374 0.0758384 0.00647338 0.0812026 
910 0.623344 1.00778 0.0539433 0.102346 0.0092833 38.3456 0.0836906 0.00881871 0.0648891 
911 0.630117 0.904565 0.0698576 0.106082 0.00941014 38.0603 0.0957926 0.0108619 0.0711825 
912 0.655486 0.745801 0.0626846 0.106104 0.00936192 37.9681 0.094766 0.0105726 0.0692964 
913 0.701727 0.913655 0.059721 0.115393 0.0101312 37.7264 0.0936802 0.0150374 0.0575027 
914 0.590932 1.11109 0.0632994 0.115262 0.0101662 64.7242 0.0889976 0.0156668 0.0928654 
915 0.590069 1.10313 0.0743436 0.116694 0.0103659 77.4436 0.0916774 0.0156746 0.122688 
916 0.778149 1.26637 0.0961273 0.129841 0.0114451 77.6523 0.0933745 0.0190116 0.131096 
917 0.74412 1.35803 0.094855 0.130552 0.0114861 77.6975 0.0916819 0.0198009 0.1298 
918 1.15375 1.38919 0.0947094 0.129294 0.0113378 77.8005 0.138619 0.0201595 0.129265 
919 1.21847 1.35767 0.108058 0.184808 0.0154249 80.1333 0.153007 0.0243846 0.128634 
920 1.19929 1.58418 0.108642 0.189602 0.0155021 76.8381 0.172147 0.0276754 0.132446 
921 1.19464 1.59466 0.102318 0.188686 0.0152537 76.8285 0.16814 0.0272271 0.12825 
922 1.23416 1.58897 0.103399 0.188354 0.0152185 77.5197 0.172187 0.0269179 0.131168 
923 1.1937 1.47938 0.102257 0.180379 0.0144778 77.9756 0.172207 0.0246361 0.132308 
924 1.11682 1.32464 0.0979238 0.187063 0.0148179 51.0287 0.173064 0.0243546 0.0988859 
925 1.09793 1.3239 0.0914085 0.186869 0.014777 51.6268 0.169389 0.0243452 0.0900697 
926 1.06898 1.09874 0.070515 0.185522 0.0144379 54.6777 0.168673 0.0221259 0.0824775 
927 1.05194 1.26136 0.0678925 0.191714 0.0148641 54.6452 0.17777 0.024799 0.0809627 
928 0.797484 1.26449 0.0704416 0.194645 0.0150182 58.9073 0.163458 0.0252308 0.0950381 
929 0.772105 1.31735 0.0560904 0.125967 0.00952117 55.4409 0.156571 0.021095 0.0945118 
930 0.972955 0.932887 0.0492811 0.114491 0.00828344 64.2839 0.131952 0.0159498 0.0901461 
931 0.965277 0.925546 0.0539823 0.105501 0.00747188 72.8213 0.117172 0.0151814 0.0900841 
932 0.931787 0.903706 0.0531758 0.105952 0.00746532 77.2719 0.115245 0.014964 0.089618 
933 0.950744 1.01749 0.0547468 0.106909 0.00751308 80.6863 0.118068 0.0152151 0.0927981 
934 0.946627 1.0357 0.0657192 0.193636 0.01375 47.195 0.0912012 0.0144052 0.099304 
935 0.946933 1.03243 0.0655909 0.159869 0.0115029 62.565 0.0916715 0.0141509 0.0931756 
936 1.05841 1.17256 0.058037 0.159942 0.011515 82.8038 0.103008 0.0157543 0.102331 
937 1.25011 1.13504 0.0634316 0.109782 0.0079983 78.2442 0.125833 0.0131198 0.10652 
938 1.25781 1.08052 0.0474717 0.119131 0.00824929 80.6099 0.118568 0.0117818 0.0861105 
939 1.19749 1.04089 0.0475538 0.114543 0.00725681 61.8464 0.129361 0.0118225 0.0834436 
940 1.07324 0.923899 0.0437751 0.113037 0.00718624 62.8183 0.118389 0.0109929 0.0835538 
941 1.15367 0.98327 0.0433814 0.0896242 0.0058317 54.9536 0.123594 0.0112694 0.0823151 
942 1.15361 0.952543 0.0653591 0.124135 0.00908924 86.8696 0.138008 0.0121886 0.0808493 
943 1.14516 1.1684 0.0669115 0.12617 0.00920895 87.1972 0.13828 0.0121694 0.0789796 
944 1.22756 1.25883 0.0656798 0.125992 0.00919451 93.1463 0.142584 0.0127095 0.0794958 
945 1.22989 1.0907 0.0766251 0.173299 0.0141124 76.5588 0.141064 0.0116685 0.083885 
946 1.02753 1.05783 0.0756026 0.152797 0.012795 62.2562 0.13263 0.0108175 0.0721837 
947 0.864423 1.04998 0.0665708 0.11296 0.0103294 63.3318 0.0970242 0.0101641 0.0620336 
948 0.713214 1.06663 0.0861562 0.102627 0.00939932 62.6157 0.103775 0.0112752 0.0917506 
949 0.71718 1.10882 0.0866709 0.102155 0.00941623 70.8419 0.112923 0.0111699 0.0964687 
950 0.827215 1.12548 0.0891914 0.093842 0.00877604 67.8923 0.113407 0.013135 0.100278 
951 0.710931 1.56738 0.104568 0.124448 0.0117643 71.1555 0.105211 0.0198129 0.100615 
952 0.734716 1.88522 0.142241 0.136901 0.0120903 41.3013 0.0944704 0.0201975 0.152471 
953 0.777168 1.86531 0.198839 0.153987 0.0133449 46.606 0.0966076 0.0222632 0.264799 
954 0.781006 1.67713 0.28982 0.127116 0.0107532 49.4539 0.114366 0.0212078 0.262406 
955 0.780106 1.63917 0.271068 0.10191 0.00794871 80.5354 0.124379 0.0205051 0.24484 
956 0.82494 1.57695 0.258518 0.110727 0.0085811 82.7151 0.148988 0.0210564 0.247247 
957 0.851489 1.5777 0.26035 0.110288 0.0085529 78.6331 0.144099 0.0212915 0.262484 
958 0.922083 1.47495 0.268921 0.114853 0.00924606 45.669 0.148356 0.0200143 0.304433 
959 0.889627 1.50083 0.266371 0.0720408 0.00616801 48.1779 0.137192 0.0197931 0.298388 
960 0.776892 1.36469 0.250511 0.104878 0.00941425 51.0212 0.138026 0.0171291 0.303189 
961 0.748165 1.22021 0.258682 0.109117 0.00996378 50.2315 0.136658 0.0122434 0.293055 
962 0.805409 0.859311 0.265269 0.192613 0.0155646 59.1808 0.155767 0.013138 0.350394 
963 0.782124 0.717096 0.245992 0.194523 0.015568 56.5156 0.15442 0.0107677 0.282448 
964 0.6741 0.61242 0.104811 0.176123 0.0155502 35.1331 0.136262 0.0122176 0.263855 
965 0.658898 0.659592 0.0509352 0.182519 0.0161693 35.1949 0.14171 0.0142305 0.263138 
966 0.5625 0.555222 0.0292102 0.172738 0.0153083 32.3748 0.129336 0.0145684 0.234625 
