0 0.0237336 0.432522 0.0191748 0.0912376 0.000852915 104.287 0.00777579 0.000485323 0.0130188 0 0 0 
1 0.148364 0.433753 0.046386 0.0929389 0.000863871 107.163 0.0471604 0.000620902 0.0568715 0 0 0 
2 0.551339 0.515346 0.0620599 0.083276 0.000856021 107.995 0.0749012 0.000879813 0.0802026 0 0 0 
3 0.549627 0.548394 0.0608578 0.0835105 0.000841879 107.942 0.0781323 0.000890839 0.0789568 0 0 0 
4 0.5477 0.54663 0.0677609 0.0840232 0.000811195 107.489 0.0798377 0.000897084 0.0848076 0 0 0 
5 0.545183 0.645202 0.07149 0.084055 0.000822975 102.253 0.0804147 0.000914785 0.0990631 0 0 0 
6 0.598934 0.665898 0.0710106 0.0867794 0.000798453 90.2812 0.101549 0.00103619 0.0987173 0 0 0 
7 0.599768 0.677405 0.070291 0.20652 0.00181309 91.7815 0.170349 0.00219982 0.0986819 0 0 0 
8 0.74753 0.729496 0.069298 0.225543 0.001944 77.2844 0.174626 0.00264991 0.099226 0 0 0 
9 0.765155 0.734071 0.0684165 0.224559 0.00188328 71.3322 0.180956 0.00265891 0.10006 0 0 0 
10 0.798887 0.548616 0.0691389 0.221296 0.00187404 63.5096 0.19147 0.00259822 0.100055 0 0 0 
11 0.773915 0.569126 0.0586999 0.220424 0.00186453 56.2803 0.185808 0.00265999 0.0865841 2.03948e-21 -2.13072e-15 0.0078125 
12 0.604351 0.527755 0.0379683 0.221371 0.00185604 46.8365 0.184135 0.00259939 0.0594264 2.03948e-21 -2.13072e-15 0.0078125 
13 0.612452 0.464409 0.037617 0.222143 0.00185658 51.3079 0.189153 0.00261919 0.0594238 2.03948e-21 -2.13072e-15 0.0078125 
14 0.636399 0.490144 0.0301859 0.222468 0.00185448 52.7023 0.188402 0.00283638 0.0585863 2.03948e-21 -2.13072e-15 0.0078125 
15 0.640672 0.475117 0.0209898 0.230403 0.0018854 40.1743 0.188067 0.00288931 0.0365255 2.03948e-21 -2.13072e-15 0.0078125 
16 0.583438 0.558801 0.0211043 0.223472 0.00181921 44.4295 0.165868 0.00299775 0.0388675 2.03948e-21 -2.13072e-15 0.0078125 
17 0.595362 0.533024 0.0360078 0.134161 0.000995742 43.3208 0.134863 0.00221514 0.0563403 3.58769e-21 -1.24942e-14 0.0078125 
18 0.461984 0.503252 0.0357021 0.102172 0.000631348 40.4466 0.131971 0.00176413 0.051973 3.58769e-21 -1.24942e-14 0.0078125 
19 0.447357 0.707894 0.0363541 0.0992062 0.0006289 39.1189 0.122346 0.00184454 0.0512648 1.33187e-20 -3.96403e-14 0.0078125 
20 0.402559 0.704879 0.037308 0.0925721 0.000517619 38.1459 0.0948335 0.00179009 0.0504108 1.33187e-20 -3.96403e-14 0.0078125 
21 0.393439 0.704879 0.036454 0.0925409 0.000522507 40.069 0.093323 0.0017323 0.0527046 1.33187e-20 -3.96403e-14 0.0078125 
22 0.457562 0.712497 0.0339878 0.0931988 0.000533922 43.5662 0.0966474 0.00173371 0.0533016 1.33187e-20 -3.96403e-14 0.0078125 
23 0.472293 0.746934 0.0341158 0.100057 0.00049626 35.7003 0.108964 0.00170156 0.052121 1.33187e-20 -3.96403e-14 0.0078125 
24 0.496051 0.926694 0.0373603 0.105307 0.000653895 53.6567 0.106778 0.00154444 0.0687763 3.12772e-21 -4.67802e-14 0.0078125 
25 0.511331 0.929387 0.0371995 0.0966413 0.000590559 64.435 0.103386 0.00143325 0.072632 3.12772e-21 -4.67802e-14 0.0078125 
26 0.549952 0.978747 0.0366389 0.0930499 0.000614739 62.6402 0.102438 0.00117864 0.0701933 3.12772e-21 -4.67802e-14 0.0078125 
27 0.553074 1.03033 0.0262256 0.0933822 0.000611908 64.9273 0.103147 0.00118855 0.0589473 3.12772e-21 -4.67802e-14 0.0078125 
28 0.551702 1.02352 0.0460462 0.120509 0.000841704 64.9958 0.0999192 0.00135965 0.0726487 3.12772e-21 -4.67802e-14 0.0078125 
29 0.815593 0.867252 0.0453859 0.126623 0.000846793 68.1181 0.109809 0.00128997 0.0731391 1.10164e-20 -1.38576e-13 0.0078125 
30 0.83882 0.968208 0.0447159 0.090167 0.000773474 70.7615 0.0962564 0.00129323 0.0741403 2.43413e-14 -2.2492e-08 0.0078125 
31 0.837375 0.967073 0.0460258 0.097728 0.000915354 45.6848 0.097853 0.00137044 0.0788755 3.99329e-14 -3.89264e-08 0.0078125 
32 0.85495 1.18331 0.0455666 0.0933946 0.00106308 61.2833 0.0998752 0.00179762 0.0870646 3.99329e-14 -3.89264e-08 0.0078125 
33 0.855027 1.18331 0.0467558 0.111384 0.00107151 60.1793 0.105945 0.00180839 0.0896279 3.99329e-14 -3.89264e-08 0.0078125 
34 1.0208 1.1389 0.0581057 0.10486 0.000988233 60.1778 0.117177 0.0016273 0.0820488 3.99329e-14 -3.89264e-08 0.0078125 
35 1.02643 1.09566 0.066021 0.105146 0.000952662 60.1961 0.124559 0.00156589 0.0853522 3.99329e-14 -3.89264e-08 0.0078125 
36 1.06534 1.11621 0.0723122 0.114017 0.00103296 60.6748 0.141294 0.00157268 0.0945324 3.99329e-14 -3.89264e-08 0.0078125 
37 1.20391 1.0715 0.0868036 0.125935 0.0013001 63.4375 0.140531 0.00168681 0.12916 4.36519e-14 -5.43215e-08 0.0078125 
38 1.53171 1.22117 0.0768927 0.162197 0.00167402 69.1055 0.137931 0.00142193 0.122855 4.36519e-14 -5.43215e-08 0.0078125 
39 1.57083 1.25819 0.0789117 0.166433 0.00177246 68.8053 0.126649 0.00131054 0.123164 4.36519e-14 -5.43215e-08 0.0078125 
40 1.55414 1.24886 0.0775147 0.237092 0.00267157 72.0933 0.224784 0.00277449 0.121648 4.36519e-14 -5.43215e-08 0.0078125 
41 1.56029 1.24399 0.0739309 0.235329 0.00262105 68.7133 0.226011 0.00270447 0.112988 6.93907e-14 -8.10636e-08 0.0078125 
42 1.60717 1.02273 0.0736032 0.235959 0.00258613 47.5473 0.228938 0.00249431 0.112164 6.93907e-14 -8.10636e-08 0.0078125 
43 1.61746 1.01707 0.0699203 0.23215 0.00258238 51.5692 0.221069 0.00250847 0.117651 6.93907e-14 -8.10636e-08 0.0078125 
44 1.50864 0.944021 0.0682913 0.232076 0.00258035 58.267 0.216393 0.00250781 0.124757 6.75732e-14 -1.03946e-07 0.0078125 
45 1.55847 1.11564 0.0778457 0.225088 0.00254522 59.9186 0.216666 0.00279293 0.125428 6.75732e-14 -1.03946e-07 0.0078125 
46 1.55549 1.20812 0.0768247 0.217175 0.00248865 61.5351 0.196161 0.00301669 0.126679 6.75732e-14 -1.03946e-07 0.0078125 
47 1.45572 1.23699 0.0622975 0.204178 0.00219473 48.0239 0.198423 0.00304341 0.0820824 7.38526e-14 -1.16418e-07 0.0078125 
48 1.08071 1.03654 0.0808504 0.201257 0.00206255 63.5824 0.196808 0.00309119 0.0821087 7.38526e-14 -1.16418e-07 0.0078125 
49 0.87229 1.02342 0.0756624 0.190841 0.00185719 63.255 0.199956 0.00309766 0.0673587 1.40215e-13 -1.82698e-07 0.0078125 
50 0.852876 1.16158 0.0957106 0.102755 0.000483939 70.9215 0.107726 0.00218053 0.125335 1.40215e-13 -1.82698e-07 0.0078125 
51 0.881311 1.15559 0.0971255 0.105047 0.00048397 74.1888 0.102927 0.00217285 0.118113 1.40215e-13 -1.82698e-07 0.0078125 
52 0.794587 1.15377 0.109868 0.105035 0.00084975 82.1878 0.0953959 0.00226963 0.153267 1.72592e-13 -1.9409e-07 0.0078125 
53 0.928076 1.28149 0.115413 0.104535 0.000947046 79.5115 0.122015 0.00224868 0.154079 1.72592e-13 -1.9409e-07 0.0078125 
54 1.26863 1.27325 0.130914 0.107351 0.00101095 78.4816 0.130004 0.00228304 0.147476 1.72101e-13 -2.0738e-07 0.0078125 
55 1.18489 1.15503 0.115305 0.1404 0.00172304 88.2713 0.122342 0.00236755 0.142538 1.72101e-13 -2.0738e-07 0.0078125 
56 1.24554 1.21385 0.113827 0.147374 0.00192938 87.8849 0.121741 0.00284869 0.139564 1.72101e-13 -2.0738e-07 0.0078125 
57 1.30769 1.08629 0.112659 0.145017 0.00192894 84.6041 0.123724 0.00274316 0.131588 1.83341e-13 -2.22107e-07 0.0078125 
58 1.26808 1.08146 0.0840175 0.133532 0.00246062 77.785 0.126688 0.00307086 0.130557 1.83341e-13 -2.22107e-07 0.0078125 
59 1.27241 1.1701 0.0814175 0.135693 0.00253342 76.2769 0.121199 0.0030138 0.124437 2.23524e-13 -2.41105e-07 0.0078125 
60 1.30888 1.11852 0.0872353 0.141061 0.00203288 80.0058 0.124137 0.00307293 0.13445 1.96722e-12 -8.88874e-07 0.0078125 
61 1.30343 1.1442 0.0875987 0.145525 0.00187591 72.5183 0.124591 0.00308014 0.131537 1.97527e-12 -1.1093e-06 0.0078125 
62 1.30035 1.18661 0.0822737 0.12871 0.00149039 66.7784 0.124781 0.00303448 0.106076 1.97527e-12 -1.1093e-06 0.0078125 
63 1.17231 0.882377 0.0835407 0.11659 0.00134787 66.7098 0.0817196 0.00303657 0.102737 1.97527e-12 -1.1093e-06 0.0078125 
64 0.951591 0.912864 0.058835 0.120703 0.00147001 60.0772 0.126623 0.00301563 0.103451 2.18618e-12 -1.23455e-06 0.0078125 
65 0.955967 0.888375 0.0587852 0.142216 0.00181787 56.5689 0.162102 0.00269718 0.0888363 2.18618e-12 -1.23455e-06 0.0078125 
66 0.778988 0.80747 0.0604087 0.147127 0.00181545 49.1987 0.177122 0.00192359 0.102338 2.08083e-12 -1.36265e-06 0.0078125 
67 0.742256 0.786522 0.0605831 0.149077 0.00174824 61.3201 0.176387 0.00194783 0.0980347 2.08083e-12 -1.36265e-06 0.0078125 
68 1.07628 0.803631 0.0666676 0.150579 0.00166483 68.9628 0.177089 0.0012751 0.0980371 2.08083e-12 -1.36265e-06 0.0078125 
69 1.17554 1.00054 0.058953 0.153121 0.00174222 73.2586 0.179462 0.00202545 0.0944917 2.59098e-12 -1.50631e-06 0.0078125 
70 1.10272 1.05492 0.0610894 0.157368 0.00175499 74.7823 0.177096 0.00240231 0.0836407 2.59098e-12 -1.50631e-06 0.0078125 
71 1.10224 1.0316 0.0641541 0.158388 0.00173942 81.1961 0.177688 0.00240429 0.0762536 2.59098e-12 -1.50631e-06 0.0078125 
72 1.10131 1.02757 0.0637146 0.160614 0.00179838 82.5253 0.178082 0.00236868 0.0743248 2.52859e-12 -1.65759e-06 0.0078125 
73 1.13461 1.01381 0.0704384 0.160938 0.00179837 85.3044 0.179558 0.0023599 0.0753332 2.52859e-12 -1.65759e-06 0.0078125 
74 0.989701 1.03317 0.0620109 0.160525 0.00180804 86.4115 0.154094 0.00231569 0.0782705 2.73101e-12 -1.7752e-06 0.0078125 
75 1.01595 0.95549 0.0622724 0.142846 0.0014466 85.8762 0.151368 0.0025447 0.0775527 2.73101e-12 -1.7752e-06 0.0078125 
76 1.16162 0.970302 0.0676191 0.143291 0.00144634 92.2002 0.141996 0.00255765 0.0440898 2.73101e-12 -1.7752e-06 0.0078125 
77 1.1965 0.995534 0.0542089 0.131678 0.00142994 81.1982 0.135842 0.00259945 0.0441088 2.93705e-12 -1.90951e-06 0.0078125 
78 0.985491 0.995762 0.0544129 0.130329 0.00146353 77.9857 0.150562 0.00263077 0.0439173 2.93705e-12 -1.90951e-06 0.0078125 
79 0.871367 0.939542 0.060017 0.122858 0.00130916 71.6384 0.152599 0.00221367 0.0438289 3.37231e-12 -2.13227e-06 0.0078125 
80 0.899153 0.762354 0.0599687 0.121913 0.00131543 70.5408 0.159929 0.0016617 0.039059 3.37231e-12 -2.13227e-06 0.0078125 
81 0.989943 0.706694 0.0565771 0.122405 0.0013751 68.8859 0.169978 0.00170553 0.0506396 3.37231e-12 -2.13227e-06 0.0078125 
82 0.997499 0.728922 0.0556106 0.12017 0.00134507 68.6757 0.169879 0.00177403 0.050975 3.63364e-12 -2.49438e-06 0.0078125 
83 0.973626 0.729382 0.0480633 0.120976 0.0013565 57.6177 0.168642 0.00177202 0.0511435 3.63364e-12 -2.49438e-06 0.0078125 
84 0.970865 0.762209 0.0440582 0.125482 0.00134326 57.6634 0.172467 0.0019433 0.0471464 4.05753e-12 -2.6989e-06 0.0078125 
85 0.946242 0.751277 0.0442227 0.142522 0.00136751 57.9676 0.13962 0.00193879 0.0468906 4.05753e-12 -2.6989e-06 0.0078125 
86 0.77283 0.836013 0.0410215 0.142233 0.00138695 44.5616 0.144124 0.0021201 0.0525172 4.05753e-12 -2.6989e-06 0.0078125 
87 0.667319 0.955739 0.0400913 0.140347 0.00139676 40.6133 0.143311 0.00217199 0.0527862 4.35084e-12 -3.00962e-06 0.0078125 
88 0.684892 0.982187 0.0399383 0.130843 0.00134205 40.65 0.127516 0.00218746 0.0530182 4.35084e-12 -3.00962e-06 0.0078125 
89 0.656424 0.915727 0.0291299 0.131164 0.00133946 38.5685 0.124805 0.00211191 0.036671 4.35084e-12 -3.00962e-06 0.0078125 
90 0.5479 0.818613 0.0401966 0.153086 0.00176174 43.755 0.112971 0.00250984 0.0366233 7.47656e-12 -7.94361e-06 0.0078125 
91 0.506592 0.85221 0.0512419 0.148003 0.00155167 59.8793 0.103065 0.00254817 0.0298233 1.043e-11 -9.82362e-06 0.0078125 
92 0.545729 0.812125 0.0605394 0.146174 0.00147856 64.182 0.135341 0.00263833 0.0346305 1.043e-11 -9.82362e-06 0.0078125 
93 0.553854 0.875343 0.0642611 0.145713 0.0015183 69.0383 0.13754 0.00283681 0.0502737 1.043e-11 -9.82362e-06 0.0078125 
94 0.624701 1.09884 0.0652931 0.145104 0.00155179 75.3091 0.154216 0.00274138 0.0502104 1.08752e-11 -1.09072e-05 0.0078125 
95 0.633538 1.31877 0.0816437 0.143226 0.00158935 73.5343 0.158661 0.00251033 0.0575289 1.08752e-11 -1.09072e-05 0.0078125 
96 0.666409 1.273 0.0841656 0.138452 0.00157348 76.1786 0.149218 0.00228392 0.0770183 1.13819e-11 -1.20439e-05 0.0078125 
97 0.669795 1.22814 0.0825167 0.106802 0.00134861 78.6987 0.152813 0.00233698 0.0859498 1.13819e-11 -1.20439e-05 0.0078125 
98 0.678126 1.23531 0.0850229 0.120882 0.00152759 83.1081 0.153778 0.00256789 0.088136 1.13819e-11 -1.20439e-05 0.0078125 
99 0.758261 1.27997 0.0836575 0.128643 0.00167045 83.0139 0.184062 0.00291217 0.0889545 1.14853e-11 -1.29671e-05 0.0078125 
100 0.900881 1.34839 0.0884824 0.156976 0.00247132 84.7097 0.180243 0.00369011 0.0892443 1.14853e-11 -1.29671e-05 0.0078125 
101 0.884579 1.41136 0.0897128 0.173027 0.00290124 83.0382 0.189418 0.0044192 0.0892171 1.14853e-11 -1.29671e-05 0.0078125 
102 0.853888 1.40446 0.0853651 0.161966 0.0028439 80.948 0.156221 0.0042612 0.095207 1.30627e-11 -1.44354e-05 0.0078125 
103 0.795014 1.38884 0.0853561 0.172979 0.00320456 77.4891 0.162172 0.00443885 0.0922531 1.30627e-11 -1.44354e-05 0.0078125 
104 0.778688 1.12886 0.0789421 0.172874 0.00319776 70.1278 0.152186 0.00438737 0.092381 1.27082e-11 -1.52647e-05 0.0078125 
105 0.699326 1.04461 0.0757616 0.174231 0.00342101 70.766 0.121908 0.00498836 0.0883889 1.27082e-11 -1.52647e-05 0.0078125 
106 0.704279 0.983973 0.0762226 0.177053 0.00345488 71.8195 0.132561 0.00498571 0.0725544 1.27082e-11 -1.52647e-05 0.0078125 
107 1.15588 0.962512 0.0756776 0.175101 0.00345259 82.3101 0.177969 0.00495807 0.0708373 1.45273e-11 -1.70793e-05 0.0078125 
108 1.11499 1.07092 0.0790061 0.1639 0.0034722 79.7506 0.181507 0.00477669 0.0688205 1.45273e-11 -1.70793e-05 0.0078125 
109 1.06274 1.09532 0.0881509 0.155321 0.00353754 79.0844 0.153179 0.00530942 0.0664809 1.49084e-11 -1.90257e-05 0.0078125 
110 0.9233 0.947536 0.0734875 0.136096 0.00366552 82.8793 0.165484 0.00487433 0.0683751 1.49084e-11 -1.90257e-05 0.0078125 
111 1.05804 0.854127 0.0719794 0.10274 0.00322858 84.8135 0.159698 0.00408611 0.0772565 1.49084e-11 -1.90257e-05 0.0078125 
112 1.02858 0.83132 0.0590602 0.150427 0.00477771 90.0319 0.185538 0.00481065 0.0621623 1.5782e-11 -2.08068e-05 0.0078125 
113 1.11878 0.962174 0.0590356 0.158411 0.00510196 88.8561 0.213269 0.00663349 0.0622131 1.80178e-11 -2.29871e-05 0.0078125 
114 1.12053 0.926878 0.0545519 0.172703 0.00561276 89.0126 0.222265 0.00729114 0.0622587 1.80178e-11 -2.29871e-05 0.0078125 
115 1.10549 0.838911 0.0620946 0.172416 0.0056835 85.8936 0.223603 0.00731762 0.0645487 1.80178e-11 -2.29871e-05 0.0078125 
116 1.11722 0.835669 0.0637822 0.174149 0.00577218 65.7303 0.229001 0.00735221 0.0587168 1.98312e-11 -2.49782e-05 0.0078125 
117 0.678515 0.869667 0.0589676 0.18262 0.00601478 66.9907 0.206924 0.00834697 0.0532009 1.98312e-11 -2.49782e-05 0.0078125 
118 0.6769 0.825958 0.0610273 0.179711 0.0058932 76.6858 0.204949 0.00904187 0.0761935 2.22346e-11 -2.74989e-05 0.0078125 
119 0.697145 0.762581 0.11081 0.175019 0.00558993 69.3097 0.206558 0.0088 0.0843742 2.22346e-11 -2.74989e-05 0.0078125 
120 0.668687 0.763719 0.104958 0.144855 0.00162164 52.6402 0.195793 0.00867582 0.0865266 3.96136e-11 -4.81562e-05 0.0078125 
121 0.533741 0.759317 0.094992 0.0996564 0.00112825 56.3336 0.188015 0.0086739 0.0708188 4.35765e-11 -5.22043e-05 0.0078125 
122 0.506705 0.807236 0.0920507 0.0975028 0.00103244 54.5208 0.151767 0.00804144 0.0607338 4.35765e-11 -5.22043e-05 0.0078125 
123 0.505594 0.68247 0.102699 0.0973853 0.00101541 48.1524 0.130217 0.00689112 0.0566738 4.35765e-11 -5.22043e-05 0.0078125 
124 0.545667 0.74979 0.098972 0.0984878 0.00101363 51.6716 0.0969502 0.00601858 0.0562491 4.77889e-11 -5.3165e-05 0.0078125 
125 0.629328 0.696542 0.102612 0.102674 0.00117618 45.7161 0.122961 0.00566773 0.0611457 4.77889e-11 -5.3165e-05 0.0078125 
126 0.699073 0.882163 0.102576 0.104206 0.00113363 53.0129 0.12182 0.00565778 0.0641691 4.77889e-11 -5.3165e-05 0.0078125 
127 0.854413 0.911576 0.107635 0.0725558 0.000767619 51.5327 0.122777 0.00304739 0.0589183 5.21927e-11 -5.57729e-05 0.0078125 
128 0.875488 1.04003 0.107638 0.0716317 0.000869972 53.7309 0.126718 0.00154837 0.055722 5.21927e-11 -5.57729e-05 0.0078125 
129 0.911702 1.03963 0.0550445 0.0724407 0.000872653 59.8972 0.1186 0.00146485 0.057846 4.75327e-11 -5.70521e-05 0.0078125 
130 0.894236 1.02753 0.0541988 0.0996811 0.00114995 69.9355 0.127699 0.00153936 0.0609426 4.75327e-11 -5.70521e-05 0.0078125 
131 0.908866 1.05417 0.0569952 0.103573 0.00124954 68.3103 0.12784 0.00173262 0.062733 4.75327e-11 -5.70521e-05 0.0078125 
132 0.881642 1.07281 0.0586206 0.0996283 0.00123681 69.4011 0.112497 0.00174063 0.0664134 5.53278e-11 -5.87456e-05 0.0078125 
133 0.844018 1.10585 0.0498777 0.135196 0.00136391 71.257 0.151076 0.00157667 0.0664186 5.53278e-11 -5.87456e-05 0.0078125 
134 0.821391 1.15181 0.0473856 0.137139 0.00142342 73.2804 0.150372 0.00189635 0.0650386 5.67716e-11 -6.0834e-05 0.0078125 
135 0.79726 1.16299 0.048006 0.137468 0.00140178 70.6024 0.139766 0.00181505 0.0628534 5.67716e-11 -6.0834e-05 0.0078125 
136 0.768296 1.12122 0.0540462 0.165957 0.00173063 72.1878 0.134452 0.00151588 0.0649948 5.67716e-11 -6.0834e-05 0.0078125 
137 0.761602 1.02311 0.0550448 0.169306 0.00184687 74.1375 0.138219 0.00161532 0.0641197 5.87756e-11 -6.57624e-05 0.0078125 
138 0.960462 0.792659 0.0640046 0.170328 0.00184845 74.2525 0.147206 0.00164634 0.0753721 5.87756e-11 -6.57624e-05 0.0078125 
139 1.09738 0.799625 0.0674767 0.172139 0.00187002 60.2579 0.184544 0.00164636 0.0683766 6.91138e-11 -6.94478e-05 0.0078125 
140 1.0721 0.863919 0.0754959 0.15737 0.00162292 51.3499 0.183246 0.00131323 0.0855048 6.91138e-11 -6.94478e-05 0.0078125 
141 1.16778 0.857956 0.0749553 0.160728 0.0016382 55.1014 0.184612 0.00137195 0.0839092 6.91138e-11 -6.94478e-05 0.0078125 
142 1.32879 0.878428 0.074343 0.16088 0.00160439 54.0412 0.193291 0.00140211 0.0791924 6.68319e-11 -6.96578e-05 0.0078125 
143 1.33446 0.820694 0.0718541 0.104875 0.00137254 54.9942 0.154856 0.00163016 0.0799978 6.68319e-11 -6.96578e-05 0.0078125 
144 1.31333 0.681104 0.0695401 0.109475 0.00144145 48.1348 0.153792 0.00148074 0.0808842 8.05049e-11 -7.35809e-05 0.0078125 
145 1.32961 0.710123 0.0749014 0.109864 0.00142683 40.8805 0.153998 0.0015289 0.0915094 8.05049e-11 -7.35809e-05 0.0078125 
146 1.30256 0.577326 0.0728423 0.0648957 0.000798683 39.9217 0.154911 0.00153424 0.097854 7.30626e-11 -7.65587e-05 0.0078125 
147 1.34484 0.651873 0.085506 0.101928 0.00124285 42.742 0.156547 0.00147968 0.0980899 7.30626e-11 -7.65587e-05 0.0078125 
148 1.11873 0.674887 0.0770006 0.103523 0.0014689 53.1854 0.129409 0.00166264 0.0877878 8.3679e-11 -8.15198e-05 0.0078125 
149 1.02603 0.669615 0.0777334 0.0967586 0.00142412 49.1533 0.0928137 0.00166508 0.0860031 8.3679e-11 -8.15198e-05 0.0078125 
150 1.03363 0.638683 0.06721 0.0855643 0.00129619 52.8159 0.0880535 0.00167278 0.071652 1.5465e-10 -0.000117819 0.0078125 
151 0.899059 0.641677 0.069793 0.102588 0.00204277 38.913 0.0849415 0.00184298 0.0941003 1.64056e-10 -0.000121752 0.0078125 
152 0.696968 0.60075 0.0877897 0.0944692 0.00208656 42.586 0.0668928 0.0019345 0.137663 1.64056e-10 -0.000121752 0.0078125 
153 0.668471 0.530797 0.0883238 0.0936615 0.0020791 41.2528 0.0623809 0.00171151 0.13365 1.64056e-10 -0.000121752 0.0078125 
154 0.725179 0.620467 0.0888614 0.0903191 0.00274894 42.9193 0.0660775 0.0022357 0.142166 2.03155e-10 -0.000135867 0.0078125 
155 0.675499 0.617064 0.085516 0.0912255 0.00305869 40.8279 0.0632059 0.00264928 0.139386 2.03155e-10 -0.000135867 0.0078125 
156 0.753086 0.553061 0.0854472 0.0936976 0.00323636 40.3791 0.0832598 0.00258482 0.127744 2.11612e-10 -0.000144447 0.0078125 
157 0.583628 0.520073 0.0642584 0.0902771 0.00376792 49.5883 0.104076 0.00422686 0.127826 2.11612e-10 -0.000144447 0.0078125 
158 0.594682 0.589448 0.0581361 0.0895344 0.00373243 44.2766 0.10225 0.00464304 0.127586 2.11612e-10 -0.000144447 0.0078125 
159 0.84379 0.64171 0.0635352 0.0901609 0.00377504 36.5507 0.120933 0.00474996 0.129888 2.13239e-10 -0.00015536 0.0078125 
160 0.835202 0.542492 0.0688629 0.100725 0.00422923 35.4936 0.125742 0.00492093 0.134127 2.13239e-10 -0.00015536 0.0078125 
161 0.795115 0.549371 0.0681073 0.102481 0.00428437 36.923 0.124899 0.00491914 0.131031 2.73674e-10 -0.000160754 0.0078125 
162 0.83434 0.796827 0.0545067 0.118516 0.00497794 43.6707 0.131601 0.00851655 0.0715521 2.73674e-10 -0.000160754 0.0078125 
163 0.883484 0.867141 0.0505642 0.12311 0.00516686 44.0023 0.131613 0.00922288 0.059017 2.73674e-10 -0.000160754 0.0078125 
164 0.816636 0.809572 0.0519674 0.123233 0.0051689 42.5361 0.127995 0.00916172 0.0552917 2.32513e-10 -0.000168331 0.0078125 
165 0.794017 0.812634 0.052612 0.121943 0.00508235 46.9689 0.128031 0.00902212 0.0633044 2.32513e-10 -0.000168331 0.0078125 
166 0.721625 0.844066 0.054107 0.123792 0.00514616 47.3336 0.120053 0.00932152 0.0498306 2.70064e-10 -0.000176794 0.0078125 
167 0.695958 0.929067 0.0502494 0.129329 0.00520388 44.1502 0.11455 0.0100991 0.0522279 2.70064e-10 -0.000176794 0.0078125 
168 0.907725 1.1924 0.0429698 0.142431 0.00556088 45.2299 0.114858 0.0114669 0.0455929 2.70064e-10 -0.000176794 0.0078125 
169 0.753884 1.22164 0.0465246 0.142386 0.00558073 54.0577 0.106642 0.0116301 0.0452717 2.93192e-10 -0.00018505 0.0078125 
170 0.749755 1.38343 0.0775718 0.149352 0.00544797 75.6074 0.107573 0.0120261 0.0455124 2.93192e-10 -0.00018505 0.0078125 
171 0.737923 1.43917 0.0765332 0.148189 0.00538405 74.7315 0.101369 0.0120461 0.0483132 2.93192e-10 -0.00018505 0.0078125 
172 0.614393 1.40932 0.0909574 0.126467 0.00431485 69.5298 0.101897 0.0100566 0.0749997 3.05416e-10 -0.000191073 0.0078125 
173 0.684525 1.37397 0.0869496 0.123503 0.00409941 69.9984 0.119499 0.00947211 0.0709879 3.05416e-10 -0.000191073 0.0078125 
174 0.741314 1.38138 0.080179 0.124314 0.00411014 72.3223 0.120673 0.00945174 0.0688098 3.65911e-10 -0.000200687 0.0078125 
175 0.738913 1.38929 0.0862423 0.123956 0.00407259 70.3751 0.119415 0.00949998 0.0860833 3.65911e-10 -0.000200687 0.0078125 
176 0.725247 1.41172 0.101178 0.134473 0.00400688 70.3683 0.109466 0.00934574 0.0864386 3.65911e-10 -0.000200687 0.0078125 
177 0.726871 1.35114 0.106334 0.108363 0.00280378 69.5503 0.101188 0.00778252 0.0981365 3.52673e-10 -0.000204813 0.0078125 
178 0.638167 1.09321 0.111607 0.110497 0.0025924 81.4427 0.130397 0.00529499 0.101136 3.52673e-10 -0.000204813 0.0078125 
179 0.627976 1.03862 0.111076 0.110779 0.00260385 73.2737 0.128942 0.00502982 0.102335 4.13056e-10 -0.00021414 0.0078125 
180 0.618161 0.79466 0.0945067 0.177591 0.00335601 38.1989 0.126946 0.00352267 0.103403 4.69524e-10 -0.000312804 0.0078125 
181 0.629212 0.793992 0.094142 0.165203 0.00312524 31.9733 0.126693 0.00371403 0.102607 4.69524e-10 -0.000312804 0.0078125 
182 0.719416 0.613103 0.0619141 0.167431 0.00314117 30.9996 0.152104 0.00355626 0.0784513 5.44908e-10 -0.000331672 0.0078125 
183 0.611978 0.594989 0.0700608 0.169132 0.00315258 29.7596 0.138892 0.00349588 0.0951974 5.44908e-10 -0.000331672 0.0078125 
184 0.540797 0.582003 0.0711633 0.153779 0.00268362 37.0353 0.170618 0.00380225 0.0953316 5.32538e-10 -0.000337011 0.0078125 
185 0.539672 0.575476 0.0711467 0.137578 0.00237587 37.9173 0.167885 0.00366687 0.0911916 5.32538e-10 -0.000337011 0.0078125 
186 0.532692 0.587559 0.0672408 0.116919 0.00202325 37.9535 0.177305 0.00358745 0.0900197 6.01121e-10 -0.000353264 0.0078125 
187 0.678759 0.579746 0.0677345 0.122175 0.00216194 38.8859 0.218642 0.00399109 0.0804368 6.01121e-10 -0.000353264 0.0078125 
188 0.632064 0.729095 0.0661669 0.126553 0.00210778 48.8934 0.196363 0.00415449 0.0941379 6.01121e-10 -0.000353264 0.0078125 
189 0.725538 0.72046 0.066881 0.126089 0.00210121 48.6883 0.202119 0.00411426 0.0939868 5.7681e-10 -0.000369271 0.0078125 
190 0.727148 0.696393 0.0667438 0.123503 0.00209417 48.1388 0.199212 0.00385338 0.0916228 5.7681e-10 -0.000369271 0.0078125 
191 0.727823 0.635302 0.0641095 0.119818 0.00208267 47.1206 0.199189 0.00364489 0.0910568 6.10712e-10 -0.000388646 0.0078125 
192 0.728893 0.652131 0.0638858 0.121401 0.002157 49.9889 0.186863 0.00379502 0.0961418 6.10712e-10 -0.000388646 0.0078125 
193 0.725783 0.710356 0.0496628 0.121135 0.00216124 48.5982 0.186814 0.00394088 0.0810651 6.13239e-10 -0.000403247 0.0078125 
194 0.673154 0.716819 0.0430931 0.135706 0.00254328 45.5216 0.164751 0.00375302 0.0830691 6.13239e-10 -0.000403247 0.0078125 
195 0.753169 0.76713 0.0422329 0.13517 0.00256349 45.4898 0.175251 0.0040474 0.081454 6.89964e-10 -0.000418662 0.0078125 
196 0.819213 0.76941 0.0422309 0.131839 0.00249664 45.5013 0.174242 0.00362718 0.0814746 6.89964e-10 -0.000418662 0.0078125 
197 0.760439 0.780242 0.0396496 0.116972 0.00219593 52.8655 0.124411 0.00334034 0.0918495 6.89964e-10 -0.000418662 0.0078125 
198 0.714192 0.717849 0.0402811 0.11794 0.00231348 40.7776 0.131033 0.00350486 0.0767821 7.23856e-10 -0.0004387 0.0078125 
199 0.615922 0.881447 0.0511726 0.148991 0.00286539 42.7415 0.147342 0.00486748 0.0781438 7.23856e-10 -0.0004387 0.0078125 
200 0.607638 1.41267 0.0535908 0.146826 0.00283163 46.5906 0.143746 0.00549767 0.086049 7.23856e-10 -0.0004387 0.0078125 
201 0.649326 1.41267 0.0533777 0.146588 0.0028302 47.3597 0.150484 0.00549741 0.0863216 7.74988e-10 -0.000465774 0.0078125 
202 0.609123 1.51004 0.0532654 0.144089 0.00273836 41.8243 0.156099 0.00532763 0.0748235 7.74988e-10 -0.000465774 0.0078125 
203 0.620783 1.467 0.0511864 0.143649 0.00273381 39.765 0.156659 0.00525462 0.0652892 7.9729e-10 -0.000481878 0.0078125 
204 0.634994 1.50022 0.0488473 0.115206 0.00222127 39.4557 0.133115 0.00515909 0.064312 7.9729e-10 -0.000481878 0.0078125 
205 0.534995 1.47704 0.0506153 0.118653 0.00222965 46.7372 0.115961 0.00500764 0.0654014 7.9729e-10 -0.000481878 0.0078125 
206 0.650491 1.54936 0.0543039 0.122249 0.00227971 50.0591 0.122483 0.00511574 0.0766502 7.70779e-10 -0.00049904 0.0078125 
207 0.606264 1.58687 0.0541825 0.117044 0.00230315 43.1916 0.13579 0.00517562 0.0637188 7.70779e-10 -0.00049904 0.0078125 
208 0.628337 1.57969 0.0538422 0.110643 0.00220478 45.5605 0.139476 0.00486564 0.0634455 8.40888e-10 -0.000543108 0.0078125 
209 0.600092 1.44792 0.0536437 0.100825 0.00205879 44.5553 0.108732 0.00379834 0.0638276 8.40888e-10 -0.000543108 0.0078125 
210 0.6037 1.04893 0.0477833 0.0788478 0.00135696 38.5098 0.107728 0.00292273 0.0582384 1.06582e-09 -0.000774852 0.0078125 
211 0.622929 1.05212 0.0472575 0.0770605 0.00139477 38.98 0.115927 0.00297043 0.0595421 1.06582e-09 -0.000774852 0.0078125 
212 0.628575 0.905802 0.0695108 0.0635404 0.0013736 66.4815 0.113467 0.00304664 0.107669 1.09116e-09 -0.000796873 0.0078125 
213 0.634516 1.35415 0.0668831 0.0608429 0.00136253 66.43 0.113565 0.00321341 0.105883 1.15399e-09 -0.000830323 0.0078125 
214 0.644107 1.32734 0.0790286 0.0598611 0.00158425 64.477 0.113522 0.00318388 0.115675 1.15399e-09 -0.000830323 0.0078125 
215 0.625883 1.30463 0.0860821 0.0528185 0.00145699 64.2422 0.112913 0.00306557 0.119248 1.15399e-09 -0.000830323 0.0078125 
216 0.690825 1.1824 0.0868018 0.05643 0.00159726 65.0366 0.105825 0.00278219 0.104202 1.15268e-09 -0.000861625 0.0078125 
217 0.665203 1.10931 0.0761128 0.0819135 0.00268834 67.9138 0.108149 0.00382676 0.103504 1.15268e-09 -0.000861625 0.0078125 
218 0.634533 1.02797 0.0696064 0.0797006 0.00268283 68.154 0.0918356 0.00368426 0.10291 1.15268e-09 -0.000861625 0.0078125 
219 0.641005 1.07229 0.0778052 0.083956 0.00283388 67.1883 0.0851647 0.00392617 0.116002 1.25038e-09 -0.000898434 0.0078125 
220 0.76244 1.09548 0.0714573 0.085159 0.00291926 75.4954 0.0835353 0.00418257 0.102265 1.25038e-09 -0.000898434 0.0078125 
221 0.909053 1.08652 0.070705 0.086687 0.00297371 63.4253 0.101398 0.00442835 0.102904 1.28319e-09 -0.000926493 0.0078125 
222 0.882463 1.09706 0.0728921 0.0931276 0.00313138 51.014 0.103241 0.00496439 0.0957992 1.28319e-09 -0.000926493 0.0078125 
223 0.897022 0.781575 0.0652896 0.0922752 0.00307135 71.3537 0.105348 0.00494613 0.0905744 1.42128e-09 -0.000960938 0.0078125 
224 0.948304 0.746709 0.0679476 0.0947004 0.00334202 77.4294 0.114947 0.00490224 0.0875073 1.42128e-09 -0.000960938 0.0078125 
225 0.917002 0.826011 0.0766129 0.0922975 0.00328172 77.8089 0.11087 0.00500597 0.0920643 1.41681e-09 -0.00100354 0.0078125 
226 0.846612 0.96332 0.0725445 0.0669598 0.00268858 73.0711 0.11661 0.00496019 0.0923224 1.41681e-09 -0.00100354 0.0078125 
227 0.932315 0.913753 0.0886684 0.0660702 0.00279175 71.2864 0.115229 0.00402156 0.104195 1.41681e-09 -0.00100354 0.0078125 
228 1.01696 0.930184 0.0979235 0.0740144 0.00310766 76.2883 0.114602 0.0045199 0.134316 1.44014e-09 -0.00107235 0.0078125 
229 1.09863 0.941671 0.103291 0.12371 0.00531264 95.5254 0.125134 0.00541315 0.129796 1.44014e-09 -0.00107235 0.0078125 
230 0.988692 0.945721 0.108436 0.121162 0.00527678 99.1382 0.123358 0.00555668 0.13034 1.52084e-09 -0.00114534 0.0078125 
231 0.933131 0.939528 0.112636 0.11828 0.00529262 101.235 0.106708 0.00547618 0.144769 1.52084e-09 -0.00114534 0.0078125 
232 0.937071 0.832773 0.101416 0.11787 0.00532072 88.9176 0.106482 0.0051554 0.138675 1.52084e-09 -0.00114534 0.0078125 
233 1.01064 0.808959 0.0909382 0.120276 0.00541599 84.3059 0.106555 0.00502411 0.140691 1.57719e-09 -0.00120627 0.0078125 
234 0.951384 0.762191 0.0892242 0.161065 0.00751257 85.0438 0.141445 0.00732932 0.139316 1.57719e-09 -0.00120627 0.0078125 
235 0.954678 0.853459 0.096469 0.161009 0.00752001 85.235 0.140886 0.00809829 0.145974 1.57918e-09 -0.00127576 0.0078125 
236 0.953276 0.774571 0.091357 0.161331 0.00750347 82.9156 0.144179 0.00854851 0.148438 1.57918e-09 -0.00127576 0.0078125 
237 0.857778 0.989872 0.0916732 0.157064 0.0073073 82.411 0.130891 0.00934418 0.14813 1.57918e-09 -0.00127576 0.0078125 
238 0.77218 0.873352 0.0930361 0.148219 0.00703972 63.8675 0.127967 0.00834524 0.131613 1.70834e-09 -0.00134537 0.0078125 
239 0.673002 0.805031 0.0925509 0.129367 0.00637298 63.9895 0.153067 0.00828426 0.136964 1.70834e-09 -0.00134537 0.0078125 
240 0.733869 0.78884 0.0928759 0.102236 0.00309935 23.393 0.162687 0.00763003 0.141583 2.12771e-09 -0.00173692 0.0078125 
241 0.68545 0.852769 0.059759 0.130336 0.00417872 34.0742 0.173454 0.00712131 0.105411 2.12771e-09 -0.00173692 0.0078125 
242 0.689755 0.816611 0.0561669 0.134707 0.00419974 52.2381 0.181433 0.00729358 0.0745644 2.14026e-09 -0.00182033 0.0078125 
243 0.562374 1.10116 0.0609063 0.14784 0.00449704 61.7784 0.186908 0.00742003 0.0793586 2.24121e-09 -0.00187724 0.0078125 
244 0.535733 1.42644 0.0584566 0.13216 0.00412419 68.0701 0.155754 0.00799902 0.0790593 2.24121e-09 -0.00187724 0.0078125 
245 0.540436 1.41487 0.0563987 0.135102 0.00417561 64.5718 0.155126 0.00754842 0.0810348 2.24121e-09 -0.00187724 0.0078125 
246 0.533733 1.37774 0.0535077 0.133669 0.0041117 64.3147 0.152395 0.00667772 0.0828485 2.36452e-09 -0.0019499 0.0078125 
247 0.655074 1.31589 0.0529551 0.132487 0.00409519 69.9913 0.156575 0.00617032 0.0954021 2.36452e-09 -0.0019499 0.0078125 
248 0.658286 1.31309 0.0473049 0.131639 0.00398839 69.6115 0.156653 0.00615218 0.0971429 2.36452e-09 -0.0019499 0.0078125 
249 0.629443 1.44407 0.0473209 0.0879999 0.0023878 76.7726 0.129205 0.00600027 0.0918243 2.5956e-09 -0.00206597 0.0078125 
250 0.835639 1.6522 0.0673774 0.0836403 0.00241581 77.7767 0.134214 0.00613304 0.0840959 2.5956e-09 -0.00206597 0.0078125 
251 0.837705 1.63571 0.0700387 0.0773472 0.00248015 68.4783 0.107657 0.00602354 0.0918934 2.66612e-09 -0.00219299 0.0078125 
252 0.880727 1.63338 0.0900542 0.0841114 0.00333404 85.204 0.13268 0.00659726 0.0768955 2.66612e-09 -0.00219299 0.0078125 
253 0.906966 1.43818 0.0780195 0.0851086 0.00338998 85.0496 0.137382 0.00488053 0.0463193 2.92761e-09 -0.00233649 0.0078125 
254 0.945567 1.21085 0.0722196 0.0929401 0.00383038 86.6102 0.149237 0.00432622 0.0441781 2.92761e-09 -0.00233649 0.0078125 
255 1.05824 1.24969 0.0757109 0.093832 0.00382998 93.3626 0.150058 0.00448089 0.0407097 2.92761e-09 -0.00233649 0.0078125 
256 1.3024 1.33883 0.0743265 0.0985328 0.00387637 99.7189 0.150863 0.00490759 0.048608 2.80268e-09 -0.00244839 0.0078125 
257 1.32988 1.31946 0.0976964 0.101022 0.00391474 94.7679 0.160327 0.00455448 0.0700839 2.80268e-09 -0.00244839 0.0078125 
258 1.32459 1.31915 0.108785 0.106213 0.00403404 95.1772 0.162867 0.0046626 0.0780402 2.92465e-09 -0.00256917 0.0078125 
259 1.23606 1.15281 0.108596 0.110368 0.00409569 87.8473 0.15399 0.00491001 0.0766707 2.92465e-09 -0.00256917 0.0078125 
260 1.20459 1.057 0.104179 0.120547 0.00428035 81.5744 0.166258 0.00509221 0.0933921 2.92465e-09 -0.00256917 0.0078125 
261 1.28944 1.42743 0.101774 0.125648 0.00435407 77.6044 0.165348 0.00647367 0.0799753 3.08653e-09 -0.00266948 0.0078125 
262 1.30247 1.42841 0.0747434 0.118086 0.00372451 63.6458 0.13897 0.00603127 0.0770491 3.08653e-09 -0.00266948 0.0078125 
263 1.27327 1.37788 0.0748877 0.120157 0.00368975 62.8144 0.138682 0.0061163 0.0764073 3.08653e-09 -0.00266948 0.0078125 
264 1.23759 1.39147 0.0603545 0.107279 0.00295956 56.8842 0.114861 0.00579801 0.0730669 3.14582e-09 -0.00284243 0.0078125 
265 1.1493 1.33194 0.0604507 0.129029 0.00366667 43.3587 0.147277 0.00597466 0.064714 3.14582e-09 -0.00284243 0.0078125 
266 0.848317 1.25796 0.0588716 0.162334 0.00474272 33.2211 0.185305 0.00649261 0.0808273 3.40639e-09 -0.00298712 0.0078125 
267 0.780849 1.28695 0.051747 0.198157 0.0058021 35.398 0.200011 0.00807021 0.0735518 3.40639e-09 -0.00298712 0.0078125 
268 0.931928 1.40036 0.0389906 0.197253 0.00577848 35.7825 0.213435 0.00851326 0.0705907 3.40639e-09 -0.00298712 0.0078125 
269 0.936588 1.41381 0.0400813 0.197433 0.00577864 34.4924 0.211906 0.00856491 0.0696314 3.39141e-09 -0.00315003 0.0078125 
270 0.854958 1.14334 0.0299733 0.115018 0.00280948 61.5548 0.201816 0.00847735 0.0465496 3.69232e-09 -0.00366888 0.0078125 
271 0.740591 0.784311 0.0489012 0.113402 0.00263333 60.305 0.204066 0.00758063 0.0575983 3.69232e-09 -0.00366888 0.0078125 
272 0.651639 0.805247 0.0484338 0.11025 0.00255932 60.041 0.204913 0.00741976 0.0576659 3.99969e-09 -0.0038007 0.0078125 
273 0.704565 0.846824 0.0464593 0.114987 0.00257969 65.3317 0.203065 0.00752586 0.058484 3.88697e-09 -0.00398717 0.0078125 
274 0.773769 0.934733 0.0485793 0.114702 0.00254794 64.8436 0.20246 0.00740289 0.0634245 3.88697e-09 -0.00398717 0.0078125 
275 0.814858 0.95254 0.0463321 0.11777 0.00256465 63.1833 0.182367 0.00708501 0.058705 3.88697e-09 -0.00398717 0.0078125 
276 0.774773 0.953664 0.0763378 0.0842504 0.00201715 44.1242 0.129281 0.00624028 0.102278 3.7094e-09 -0.00418047 0.0078125 
277 0.842157 0.92514 0.076034 0.0831258 0.00188697 41.2001 0.107096 0.0042972 0.105027 3.7094e-09 -0.00418047 0.0078125 
278 0.793948 0.673526 0.0762051 0.0847901 0.00184797 35.3374 0.0888502 0.00351459 0.105201 4.30696e-09 -0.00446509 0.0078125 
279 0.796586 0.798768 0.0762051 0.141193 0.00241176 46.969 0.119847 0.00298484 0.108125 4.30696e-09 -0.00446509 0.0078125 
280 0.792489 0.828279 0.0766845 0.149696 0.00250769 52.6379 0.119135 0.00313528 0.112739 4.30696e-09 -0.00446509 0.0078125 
281 0.840864 0.848097 0.0720566 0.155914 0.00250587 56.3102 0.119657 0.00300574 0.102857 4.0222e-09 -0.00464328 0.0078125 
282 0.899202 0.848742 0.0761365 0.157858 0.00226928 81.4515 0.119193 0.00299787 0.132022 4.0222e-09 -0.00464328 0.0078125 
283 0.87488 1.0059 0.0787951 0.155633 0.00210033 83.086 0.119586 0.00286921 0.144009 4.0222e-09 -0.00464328 0.0078125 
284 0.817975 0.811027 0.0804804 0.155726 0.00214554 90.3034 0.114593 0.00249589 0.153725 3.35435e-09 -0.00488396 0.0078125 
285 0.819585 0.817015 0.0805448 0.154403 0.00222779 95.0618 0.116225 0.00249647 0.155891 3.35435e-09 -0.00488396 0.0078125 
286 0.854594 0.93099 0.0607377 0.154366 0.00228593 95.0348 0.119874 0.0025165 0.131162 4.41735e-09 -0.00516701 0.0078125 
287 0.744027 0.970586 0.0586809 0.165079 0.00341698 95.3063 0.137066 0.00463499 0.12126 4.41735e-09 -0.00516701 0.0078125 
288 0.921361 0.986681 0.0863797 0.161001 0.00340184 95.0924 0.133114 0.00454646 0.136397 4.58727e-09 -0.00541616 0.0078125 
289 0.914595 0.956995 0.0792134 0.150116 0.00394569 94.8377 0.129793 0.00576772 0.142523 4.58727e-09 -0.00541616 0.0078125 
290 1.29251 1.0581 0.0824496 0.171453 0.00505123 102.398 0.117349 0.00539628 0.115029 4.58727e-09 -0.00541616 0.0078125 
291 1.41769 1.1388 0.0810963 0.164544 0.0052108 95.7504 0.120578 0.00544449 0.0975667 5.17083e-09 -0.00572732 0.0078125 
292 1.35372 1.28064 0.0785065 0.161051 0.00519213 100.53 0.117683 0.00597753 0.105124 5.17083e-09 -0.00572732 0.0078125 
293 1.45437 1.43017 0.0879039 0.163079 0.00523588 107.048 0.146496 0.00604329 0.135425 5.04817e-09 -0.00588958 0.0078125 
294 1.48828 1.47971 0.108733 0.166229 0.00525926 103.231 0.140107 0.00635923 0.172584 5.04817e-09 -0.00588958 0.0078125 
295 1.43006 1.57278 0.104198 0.170792 0.00555467 102.75 0.141826 0.00753393 0.168766 5.04817e-09 -0.00588958 0.0078125 
296 1.48789 1.54624 0.10461 0.17286 0.00567836 96.0672 0.159582 0.00765608 0.165073 4.86327e-09 -0.00613388 0.0078125 
297 1.50631 1.53348 0.105815 0.156678 0.00509939 99.7032 0.160569 0.00674094 0.170012 4.86327e-09 -0.00613388 0.0078125 
298 1.42099 1.53055 0.0935693 0.156051 0.005096 104.943 0.144544 0.00674013 0.154772 4.86327e-09 -0.00613388 0.0078125 
299 1.41664 1.50627 0.0878673 0.12158 0.00406112 100.242 0.12656 0.00528888 0.143287 4.99342e-09 -0.00621994 0.0078125 
300 0.99423 1.33964 0.074661 0.12132 0.00802711 78.4557 0.146968 0.00874352 0.142612 5.95173e-09 -0.00688116 0.0078125 
301 0.870665 1.30741 0.0739079 0.123569 0.0082463 90.2238 0.146661 0.00900138 0.149036 5.95173e-09 -0.00688116 0.0078125 
302 0.875618 1.18885 0.0823198 0.124225 0.00830553 91.6411 0.146721 0.00876208 0.149766 5.48974e-09 -0.00715954 0.0078125 
303 0.73102 0.780857 0.0809492 0.147553 0.0100364 96.1224 0.133027 0.00942148 0.138832 6.19901e-09 -0.00736855 0.0078125 
304 0.603469 0.907869 0.072969 0.148351 0.0101111 94.8379 0.133861 0.0103952 0.101826 6.19901e-09 -0.00736855 0.0078125 
305 0.62833 0.962553 0.0739374 0.145344 0.0099859 101.237 0.128002 0.0126558 0.111484 6.19901e-09 -0.00736855 0.0078125 
306 0.713948 0.962433 0.07393 0.140268 0.00970121 102.511 0.142665 0.0125403 0.112901 6.00737e-09 -0.00761857 0.0078125 
307 0.634199 0.943929 0.0787504 0.14356 0.00987292 102.123 0.128223 0.0127394 0.104661 6.00737e-09 -0.00761857 0.0078125 
308 0.812012 1.10061 0.0823132 0.119324 0.00779533 90.4389 0.139156 0.013583 0.106529 5.98921e-09 -0.0082156 0.0078125 
309 0.832963 1.22344 0.0914344 0.116495 0.00749376 68.738 0.14144 0.0137781 0.108552 5.98921e-09 -0.0082156 0.0078125 
310 0.835243 1.25588 0.0773377 0.123893 0.00765662 61.3487 0.12436 0.0127989 0.108463 6.545e-09 -0.00854324 0.0078125 
311 0.900086 1.96907 0.0610393 0.101668 0.00530302 71.4274 0.124974 0.0137983 0.0523994 6.545e-09 -0.00854324 0.0078125 
312 0.892719 2.40636 0.0613463 0.0996561 0.00516228 72.4886 0.125345 0.0141718 0.0499462 6.545e-09 -0.00854324 0.0078125 
313 1.00034 2.37938 0.0582379 0.0978048 0.00499946 73.9191 0.134091 0.0135553 0.0502556 6.545e-09 -0.00854324 0.0078125 
314 1.01356 2.33117 0.0579928 0.103968 0.00508453 52.8906 0.14586 0.0124729 0.0499511 6.83827e-09 -0.00882586 0.0078125 
315 1.02004 2.26499 0.0567786 0.119316 0.00569555 45.1889 0.145848 0.0104497 0.0487621 6.83827e-09 -0.00882586 0.0078125 
316 0.972167 2.27427 0.0493024 0.114764 0.00518624 49.5911 0.136753 0.0104726 0.0511029 6.9924e-09 -0.0090346 0.0078125 
317 0.966763 2.30533 0.0461673 0.124096 0.00509441 51.7894 0.160006 0.0106151 0.0531072 6.9924e-09 -0.0090346 0.0078125 
318 1.0289 2.25078 0.0579607 0.124278 0.00509263 50.6133 0.158637 0.00987549 0.0535055 7.13869e-09 -0.00931457 0.0078125 
319 1.05481 2.19277 0.0417247 0.136124 0.00536384 62.3652 0.158112 0.00946621 0.0447747 7.13869e-09 -0.00931457 0.0078125 
320 1.05314 2.19425 0.0455586 0.137721 0.00527372 90.8835 0.158721 0.00920423 0.0463799 7.13869e-09 -0.00931457 0.0078125 
321 0.974894 1.43067 0.0477743 0.129779 0.0049071 86.5426 0.15893 0.00671627 0.0588702 7.27572e-09 -0.00959884 0.0078125 
322 1.03464 0.958302 0.0478977 0.136416 0.00552522 97.7231 0.158808 0.0063645 0.0576354 7.27572e-09 -0.00959884 0.0078125 
323 0.932691 1.05532 0.0591698 0.135355 0.00548352 97.0022 0.149232 0.00686906 0.0735935 7.5921e-09 -0.00989355 0.0078125 
324 0.905097 1.001 0.0572642 0.127046 0.00507894 98.1996 0.133452 0.00633477 0.0742759 7.5921e-09 -0.00989355 0.0078125 
325 0.883877 0.990636 0.0613167 0.111219 0.00432254 98.1695 0.128818 0.00552604 0.076711 7.5921e-09 -0.00989355 0.0078125 
326 0.943484 1.41567 0.0567361 0.127166 0.00523108 100.629 0.100488 0.00890678 0.0665688 7.43476e-09 -0.0101574 0.0078125 
327 0.966771 1.56209 0.071319 0.136897 0.00589326 105.019 0.0902162 0.0105861 0.0710481 7.43476e-09 -0.0101574 0.0078125 
328 0.749099 1.80474 0.0719243 0.135397 0.00589282 106.463 0.0771967 0.0108326 0.0710306 7.43476e-09 -0.0101574 0.0078125 
329 0.82447 1.77578 0.0708484 0.134002 0.0060579 101.455 0.0813757 0.010724 0.0706683 7.892e-09 -0.0103078 0.0078125 
330 1.24501 1.98386 0.0790122 0.144959 0.00692846 79.6126 0.0871063 0.0114864 0.0944474 8.24088e-09 -0.010841 0.0078125 
331 1.23969 1.93652 0.0936546 0.148132 0.00706475 79.7168 0.0942355 0.011406 0.10743 8.24088e-09 -0.010841 0.0078125 
332 1.25149 1.9237 0.091848 0.137349 0.0066154 73.437 0.11498 0.0114066 0.110305 8.89408e-09 -0.0111138 0.0078125 
333 1.25235 1.78963 0.0970359 0.0911269 0.00376058 76.5336 0.114606 0.0108471 0.114204 8.64895e-09 -0.0114178 0.0078125 
334 1.2928 1.91478 0.0959051 0.0896255 0.00364551 71.7083 0.124444 0.0108464 0.113853 7.9271e-09 -0.0114443 0.0078125 
335 1.37485 1.9449 0.104649 0.0889894 0.00372632 69.0723 0.12431 0.0108031 0.126552 7.9271e-09 -0.0114443 0.0078125 
336 1.3192 1.76257 0.110215 0.0933541 0.00408579 69.7753 0.12591 0.00937929 0.138988 7.9271e-09 -0.0114443 0.0078125 
337 1.33136 1.46917 0.102302 0.0929244 0.00408525 63.7867 0.113185 0.00495888 0.137295 9.19758e-09 -0.0116193 0.0078125 
338 1.33123 1.2513 0.102354 0.0785272 0.00365969 76.8444 0.111814 0.00491667 0.138559 9.69987e-09 -0.011884 0.0078125 
339 1.32099 1.35656 0.102316 0.0765787 0.00388017 65.9342 0.111361 0.00539442 0.138121 9.69987e-09 -0.011884 0.0078125 
340 1.06962 0.932324 0.0988439 0.0763968 0.00377583 74.4807 0.0690351 0.00433638 0.120202 9.62889e-09 -0.0121237 0.0078125 
341 1.23517 0.989218 0.0692894 0.0874103 0.00405379 91.9971 0.0691883 0.00547412 0.0946915 9.62889e-09 -0.0121237 0.0078125 
342 1.32859 1.54282 0.0498421 0.0856189 0.00389947 93.3954 0.0715513 0.00597197 0.0755202 9.62889e-09 -0.0121237 0.0078125 
343 1.32867 1.52057 0.0448881 0.0923119 0.00420773 99.5795 0.0814767 0.00647312 0.0757684 9.6171e-09 -0.0123779 0.0078125 
344 1.36721 1.62796 0.0540273 0.115812 0.00602158 101.825 0.0848209 0.00687945 0.0777804 9.6171e-09 -0.0123779 0.0078125 
345 1.32945 1.54266 0.0518784 0.11516 0.00620664 97.6152 0.101774 0.00728157 0.0753431 9.6171e-09 -0.0123779 0.0078125 
346 1.26694 1.56143 0.0567073 0.114073 0.00620236 100.919 0.099764 0.00663565 0.0685743 1.02158e-08 -0.0126331 0.0078125 
347 1.3431 1.56199 0.0816271 0.140315 0.00848653 90.2292 0.156304 0.00876081 0.0748008 1.02158e-08 -0.0126331 0.0078125 
348 1.32892 1.56373 0.0819759 0.14969 0.00932972 89.9654 0.167152 0.0102876 0.0766347 1.01611e-08 -0.0128431 0.0078125 
349 1.26383 1.45901 0.0743158 0.184625 0.0123461 91.5153 0.18599 0.0142695 0.0673741 1.01611e-08 -0.0128431 0.0078125 
350 1.19911 1.46397 0.0755594 0.182158 0.0127093 81.2609 0.209693 0.0155572 0.048182 1.03398e-08 -0.0130224 0.0078125 
351 1.07188 1.38529 0.0720976 0.186056 0.0131702 78.34 0.208058 0.0166925 0.0494275 1.03398e-08 -0.0130224 0.0078125 
352 0.796294 1.03976 0.072894 0.200362 0.0142135 79.1193 0.21191 0.0196556 0.0552014 1.03398e-08 -0.0130224 0.0078125 
353 0.783619 1.02092 0.0730154 0.212209 0.015029 72.3382 0.217462 0.0213697 0.0584777 1.05647e-08 -0.0131848 0.0078125 
354 0.7501 0.730948 0.104538 0.206936 0.0149389 65.6488 0.229808 0.0214279 0.127001 1.05647e-08 -0.0131848 0.0078125 
355 0.723719 0.712821 0.115534 0.21092 0.0152239 72.2741 0.244653 0.0223515 0.173952 1.05647e-08 -0.0131848 0.0078125 
356 0.728199 0.860051 0.120506 0.214314 0.0154634 69.8468 0.251301 0.0228881 0.178831 1.11753e-08 -0.0134674 0.0078125 
357 0.426736 0.866731 0.109234 0.195445 0.0144323 80.2156 0.191101 0.0221807 0.165036 1.11753e-08 -0.0134674 0.0078125 
358 0.418266 0.981215 0.110089 0.19166 0.0141346 87.3391 0.191729 0.0233624 0.156142 1.179e-08 -0.0137292 0.0078125 
359 0.413261 0.969413 0.102149 0.13497 0.0101314 87.5822 0.127218 0.0202041 0.15201 1.179e-08 -0.0137292 0.0078125 
360 0.390032 0.893052 0.101793 0.154529 0.0117537 77.3168 0.159613 0.021015 0.137917 1.179e-08 -0.0137292 0.0078125 
361 0.403999 0.919814 0.087026 0.136221 0.0102239 80.2199 0.14627 0.0199867 0.141522 1.19152e-08 -0.0140598 0.0078125 
362 0.39617 0.761173 0.0808943 0.130064 0.00981615 89.9462 0.158901 0.0172725 0.143346 1.19152e-08 -0.0140598 0.0078125 
363 0.64918 0.712947 0.0738778 0.125243 0.00945661 90.2041 0.179055 0.0157771 0.141677 1.18962e-08 -0.0143066 0.0078125 
364 0.694951 0.722714 0.0625288 0.108323 0.00838945 84.4552 0.173902 0.0149131 0.121831 1.24805e-08 -0.0145433 0.0078125 
365 1.08485 0.680332 0.0627783 0.115827 0.00897099 83.4003 0.160336 0.0130324 0.072293 1.24805e-08 -0.0145433 0.0078125 
366 1.23553 0.791907 0.0704925 0.120596 0.00926973 85.5615 0.157101 0.0154864 0.0776943 1.34612e-08 -0.0149711 0.0078125 
367 1.30391 0.816821 0.0638008 0.102812 0.00750397 97.8072 0.156701 0.0162305 0.0922511 1.34612e-08 -0.0149711 0.0078125 
368 1.50756 0.724745 0.0620844 0.102693 0.00752264 96.4744 0.16682 0.0149574 0.0941566 1.30846e-08 -0.0152461 0.0078125 
369 1.4981 0.808675 0.064101 0.11284 0.00809006 92.5548 0.162819 0.0149663 0.100899 1.30846e-08 -0.0152461 0.0078125 
370 1.51729 0.981918 0.0779145 0.116083 0.00844213 90.4628 0.14361 0.0134724 0.105309 1.30846e-08 -0.0152461 0.0078125 
371 1.54039 0.965894 0.0806687 0.120658 0.00891562 91.8182 0.162529 0.0132148 0.116368 1.41502e-08 -0.0155277 0.0078125 
372 1.50822 0.994064 0.0827049 0.123603 0.00960402 95.9723 0.133857 0.0133142 0.116792 1.41502e-08 -0.0155277 0.0078125 
373 1.45388 0.936898 0.0936187 0.120256 0.00933602 94.7309 0.124484 0.01232 0.124688 1.36395e-08 -0.0158511 0.0078125 
374 1.44705 0.968281 0.102396 0.11961 0.00949281 99.7582 0.129074 0.01232 0.124961 1.36395e-08 -0.0158511 0.0078125 
375 1.0651 0.879172 0.105736 0.109469 0.00877305 93.2342 0.122055 0.00844004 0.12538 1.36395e-08 -0.0158511 0.0078125 
376 0.987062 0.896165 0.09266 0.106415 0.00860655 93.098 0.123772 0.00766569 0.111015 1.3432e-08 -0.0163545 0.0078125 
377 0.910651 0.89356 0.0899642 0.105768 0.00886058 82.5165 0.126449 0.00798073 0.101191 1.3432e-08 -0.0163545 0.0078125 
378 0.456929 0.92926 0.0720229 0.106064 0.00907154 80.7944 0.121994 0.00941327 0.0930165 1.39758e-08 -0.016673 0.0078125 
379 0.453817 0.909583 0.0771816 0.130371 0.0118904 77.2415 0.127321 0.0144127 0.0912788 1.39758e-08 -0.016673 0.0078125 
380 0.511042 0.650337 0.0770304 0.12881 0.0119258 77.1635 0.130881 0.0149333 0.0918024 1.39758e-08 -0.016673 0.0078125 
381 0.47981 0.654206 0.0778842 0.118215 0.0112986 62.0675 0.115991 0.0149097 0.0758428 1.57308e-08 -0.0169661 0.0078125 
382 0.507358 0.728255 0.0805898 0.134193 0.0128334 47.1044 0.152498 0.0212231 0.0864662 1.57308e-08 -0.0169661 0.0078125 
383 0.51426 0.740042 0.0722184 0.136175 0.0130447 47.985 0.156651 0.021233 0.0802295 1.721e-08 -0.0174201 0.0078125 
384 0.506077 0.74501 0.0599001 0.148917 0.0144582 36.2233 0.158189 0.0238117 0.0802596 1.721e-08 -0.0174201 0.0078125 
385 0.502019 0.763137 0.0543808 0.153576 0.0149952 37.4413 0.160269 0.0252144 0.0849897 1.721e-08 -0.0174201 0.0078125 
386 0.494272 0.71391 0.0516103 0.155912 0.0152721 37.4469 0.157728 0.0247177 0.0828817 1.5848e-08 -0.0176154 0.0078125 
387 0.516351 0.701849 0.0687804 0.15313 0.0150612 32.9702 0.163598 0.0240921 0.103915 1.5848e-08 -0.0176154 0.0078125 
388 0.497458 0.793806 0.0700494 0.146844 0.0145356 66.1723 0.150386 0.0241179 0.111643 1.75915e-08 -0.0184325 0.0078125 
389 0.481682 0.792363 0.0674944 0.127233 0.0127788 74.9815 0.148049 0.0229781 0.112375 1.75915e-08 -0.0184325 0.0078125 
390 0.395568 0.845799 0.0632344 0.132661 0.0136118 73.5948 0.147273 0.0247588 0.104635 1.75915e-08 -0.0184325 0.0078125 
391 0.555751 0.80624 0.0642558 0.130459 0.0133559 101.025 0.155197 0.0237325 0.106905 1.76559e-08 -0.0188324 0.0078125 
392 0.572438 0.755774 0.0917016 0.116388 0.0121659 113.675 0.124279 0.0205139 0.107421 1.76559e-08 -0.0188324 0.0078125 
393 0.813409 1.09829 0.0980507 0.149118 0.0157481 112.58 0.117597 0.0297374 0.112344 1.76559e-08 -0.0188324 0.0078125 
394 0.994654 1.10173 0.102636 0.149466 0.015842 113.338 0.116676 0.0272872 0.12114 1.77691e-08 -0.018825 0.0078125 
395 0.99221 1.11659 0.116113 0.154302 0.016374 114.49 0.116706 0.0276936 0.126654 1.77691e-08 -0.018825 0.0078125 
396 0.990484 1.09593 0.115564 0.152289 0.0161409 118.583 0.118051 0.0278894 0.127271 1.9e-08 -0.019656 0.0078125 
397 1.04977 1.13769 0.107097 0.148004 0.0157267 120.669 0.120522 0.0281815 0.114601 1.9e-08 -0.019656 0.0078125 
398 1.02067 0.883104 0.106778 0.152048 0.0162164 97.1816 0.11703 0.0251069 0.0801876 1.9e-08 -0.019656 0.0078125 
399 1.03879 0.850278 0.0990206 0.152652 0.0162981 97.654 0.124445 0.0256115 0.0825583 1.61551e-08 -0.0198469 0.0078125 
400 1.04515 0.961441 0.10109 0.151956 0.0161293 97.5351 0.13273 0.0274363 0.0828798 1.61551e-08 -0.0198469 0.0078125 
401 0.987893 0.947255 0.0895978 0.151618 0.0161346 73.092 0.119148 0.027371 0.091747 1.61551e-08 -0.0198469 0.0078125 
402 1.02929 0.929177 0.0881905 0.144121 0.0154944 48.4512 0.134281 0.0263071 0.0998075 1.76702e-08 -0.0204252 0.0078125 
403 0.755895 0.718401 0.0895732 0.115528 0.012555 48.3189 0.134217 0.019992 0.100979 1.76702e-08 -0.0204252 0.0078125 
404 0.600441 0.709338 0.0888924 0.0910839 0.0100512 47.6986 0.134218 0.0193132 0.0977965 2.0339e-08 -0.0210092 0.0078125 
405 0.601905 0.622838 0.0734538 0.102733 0.0119515 42.1091 0.124305 0.0185411 0.093262 2.0339e-08 -0.0210092 0.0078125 
406 0.588744 0.933156 0.0738117 0.103688 0.0120694 42.3538 0.124231 0.0216163 0.0969254 2.0339e-08 -0.0210092 0.0078125 
407 0.539027 0.916206 0.0623853 0.104454 0.0122128 31.4337 0.116567 0.021711 0.0764824 1.88083e-08 -0.0213878 0.0078125 
408 0.538952 0.919473 0.0725557 0.0981153 0.011592 31.2924 0.111856 0.0215455 0.0828074 1.88083e-08 -0.0213878 0.0078125 
409 0.551386 0.828658 0.0873403 0.0972348 0.0115046 28.857 0.113507 0.0193871 0.0910307 1.73469e-08 -0.021952 0.0078125 
410 0.596673 0.928338 0.0823463 0.104295 0.0124665 32.4454 0.132626 0.0217044 0.100297 1.73469e-08 -0.021952 0.0078125 
411 0.523795 1.08355 0.0819116 0.106837 0.0127322 32.7625 0.127825 0.0237414 0.103181 1.73469e-08 -0.021952 0.0078125 
412 0.473717 1.27305 0.0713835 0.104843 0.0124278 35.7658 0.113096 0.0243496 0.0981388 1.92742e-08 -0.0223812 0.0078125 
413 0.54491 1.25438 0.0645013 0.107504 0.0124908 39.9218 0.137917 0.022153 0.102764 1.92742e-08 -0.0223812 0.0078125 
414 0.542094 1.26407 0.0458168 0.109792 0.0126026 41.7151 0.139766 0.0218856 0.0946136 2.1753e-08 -0.0230068 0.0078125 
415 0.560477 1.25518 0.0538308 0.0997861 0.0109606 47.7652 0.1365 0.0220562 0.0900609 2.1753e-08 -0.0230068 0.0078125 
416 0.600848 1.50071 0.0475568 0.100503 0.0110041 42.3553 0.137559 0.022654 0.0496871 2.1753e-08 -0.0230068 0.0078125 
417 0.593531 1.4602 0.0610161 0.0991747 0.0107902 42.3968 0.137561 0.0214932 0.0611366 2.21223e-08 -0.0236034 0.0078125 
418 0.59452 1.50656 0.0640988 0.119086 0.0124953 44.78 0.144364 0.0215803 0.0739468 2.21223e-08 -0.0236034 0.0078125 
419 0.590445 1.52431 0.0619761 0.120616 0.0125459 43.6198 0.134464 0.0216237 0.0735749 2.1638e-08 -0.024239 0.0078125 
420 0.687784 1.47322 0.0654167 0.115035 0.01164 44.5021 0.115892 0.0191814 0.0878035 2.1638e-08 -0.024239 0.0078125 
421 0.737379 1.27661 0.0711431 0.114557 0.0115184 46.0397 0.126008 0.0160615 0.0879518 2.1638e-08 -0.024239 0.0078125 
422 0.705274 1.15104 0.0737003 0.11418 0.0115064 48.7311 0.122074 0.0145821 0.0989839 2.33969e-08 -0.0248441 0.0078125 
423 0.656999 1.07612 0.0750252 0.107227 0.0107153 50.1271 0.0911644 0.0146723 0.0877801 2.33969e-08 -0.0248441 0.0078125 
424 0.66114 0.9958 0.0729456 0.104398 0.0104662 53.0166 0.086149 0.0155347 0.0926833 2.33969e-08 -0.0248441 0.0078125 
425 0.675525 0.9389 0.051674 0.0971054 0.00972782 47.0083 0.0950895 0.0136029 0.0900465 2.54846e-08 -0.0253573 0.0078125 
426 0.813378 0.614284 0.0352538 0.103136 0.0103934 45.5744 0.0963951 0.0119546 0.0691857 2.54846e-08 -0.0253573 0.0078125 
427 0.830819 0.619729 0.0372765 0.108379 0.0109356 45.4517 0.0968888 0.0122602 0.0694643 2.35101e-08 -0.0260248 0.0078125 
428 0.830015 0.573985 0.0368589 0.10867 0.011023 43.6873 0.100124 0.0119853 0.0694833 2.35101e-08 -0.0260248 0.0078125 
429 0.789456 0.838026 0.0219341 0.120241 0.0121525 42.384 0.120937 0.019438 0.0517351 2.35101e-08 -0.0260248 0.0078125 
430 0.69106 0.998437 0.0321498 0.121218 0.0122431 42.7202 0.115329 0.0213098 0.0594346 2.35543e-08 -0.0260538 0.0078125 
431 0.615239 1.07395 0.0398456 0.122949 0.0124719 45.5337 0.103921 0.0214395 0.0707097 2.35543e-08 -0.0260538 0.0078125 
432 0.620932 1.09279 0.0409683 0.13508 0.0137536 53.7664 0.109791 0.0231301 0.0779948 2.35543e-08 -0.0260538 0.0078125 
433 0.680194 1.12125 0.0463599 0.128852 0.013077 48.2113 0.119693 0.0230179 0.0751479 2.45886e-08 -0.0268326 0.0078125 
434 0.685569 1.12969 0.0483354 0.12954 0.0131331 46.0432 0.119723 0.0232553 0.0723004 2.45886e-08 -0.0268326 0.0078125 
435 0.603743 1.14377 0.0485069 0.131445 0.0133129 43.7461 0.115259 0.023723 0.0719618 2.54182e-08 -0.0275743 0.0078125 
436 0.501144 1.17697 0.0544734 0.131558 0.0133639 42.2099 0.145093 0.0234986 0.0766794 2.54182e-08 -0.0275743 0.0078125 
437 0.721371 1.28197 0.0514126 0.128938 0.0131052 55.7146 0.173112 0.0237132 0.0835719 2.75206e-08 -0.0277938 0.0078125 
438 0.893297 1.27083 0.0514126 0.103931 0.0105818 64.542 0.167896 0.0233085 0.0871885 2.75206e-08 -0.0277938 0.0078125 
439 0.931054 0.898549 0.0574494 0.0791892 0.00822765 73.4388 0.15866 0.0130516 0.0844367 2.75206e-08 -0.0277938 0.0078125 
440 0.922145 0.84943 0.0542633 0.0786204 0.0081903 74.4274 0.155632 0.0118223 0.0829094 2.73429e-08 -0.0285441 0.0078125 
441 0.917371 0.815014 0.0525823 0.0904369 0.00955992 72.3527 0.162577 0.0134137 0.0776715 2.73429e-08 -0.0285441 0.0078125 
442 1.02174 0.915046 0.0705672 0.0751409 0.00797204 66.2404 0.158718 0.0123481 0.0791016 2.73429e-08 -0.0285441 0.0078125 
443 1.01067 0.897204 0.0697501 0.0739786 0.00788208 69.6975 0.152686 0.0123749 0.0840815 2.68623e-08 -0.0291194 0.0078125 
444 1.01977 0.78814 0.0671743 0.0864436 0.0091357 73.0819 0.15528 0.0107561 0.0841511 2.68623e-08 -0.0291194 0.0078125 
445 1.02844 0.788356 0.0771884 0.084137 0.00891821 73.9088 0.154808 0.01025 0.0866459 2.28876e-08 -0.0294831 0.0078125 
446 1.00038 0.816921 0.0780862 0.0780879 0.00826038 76.342 0.127713 0.0102714 0.0924903 2.28876e-08 -0.0294831 0.0078125 
447 0.927161 0.610509 0.0769985 0.0786678 0.0083488 69.0116 0.0987285 0.0092605 0.0822637 2.28876e-08 -0.0294831 0.0078125 
448 0.825084 0.619759 0.0782647 0.07841 0.00834902 68.2855 0.0901566 0.00946586 0.0708071 2.43696e-08 -0.0300392 0.0078125 
449 0.873318 0.960488 0.0786924 0.0818044 0.00883028 85.8735 0.105499 0.0102296 0.0680101 2.43696e-08 -0.0300392 0.0078125 
450 1.00584 0.9427 0.0791215 0.0799642 0.00860315 86.4853 0.111139 0.0102494 0.0752083 2.71158e-08 -0.0305176 0.0078125 
451 1.2012 0.952362 0.0792406 0.0605268 0.00647919 87.4977 0.101031 0.00781098 0.0778899 2.71158e-08 -0.0305176 0.0078125 
452 1.14706 0.827106 0.0719668 0.0617286 0.00668482 94.1415 0.1019 0.00624054 0.081981 2.71158e-08 -0.0305176 0.0078125 
453 1.17311 0.850607 0.0719681 0.0655924 0.00700962 93.0177 0.100596 0.00723873 0.0787728 2.80166e-08 -0.0308432 0.0078125 
454 1.15137 0.819446 0.0730033 0.12434 0.0134586 92.0233 0.142088 0.0120646 0.0813593 2.80166e-08 -0.0308432 0.0078125 
455 1.15784 1.2277 0.0621808 0.124311 0.0134162 90.5185 0.140045 0.014659 0.0788753 2.92029e-08 -0.0313722 0.0078125 
456 1.15995 1.34611 0.0604279 0.124887 0.0134456 90.1813 0.14154 0.0162713 0.0716038 2.92029e-08 -0.0313722 0.0078125 
457 1.02377 1.40004 0.0617542 0.129791 0.0138654 88.3504 0.13113 0.0159998 0.0692593 2.92029e-08 -0.0313722 0.0078125 
458 1.05338 1.3786 0.0531716 0.131036 0.0139476 76.3668 0.131614 0.0159467 0.0669862 2.64072e-08 -0.0321179 0.0078125 
459 1.02328 1.2162 0.0598273 0.139868 0.0146365 60.6385 0.124032 0.017559 0.0717672 2.64072e-08 -0.0321179 0.0078125 
460 0.888175 1.21949 0.056381 0.140358 0.0147005 70.6196 0.132407 0.0175636 0.0631406 2.64072e-08 -0.0321179 0.0078125 
461 1.01199 1.21753 0.0615815 0.142005 0.014907 80.6127 0.172204 0.0180001 0.0823559 2.80755e-08 -0.0337671 0.0078125 
462 0.994111 1.29434 0.0699661 0.148365 0.0153835 72.2962 0.167948 0.0203913 0.0730405 2.80755e-08 -0.0337671 0.0078125 
463 0.980407 1.2649 0.0707079 0.144704 0.0149667 72.9016 0.168575 0.0194361 0.0750667 2.80755e-08 -0.0337671 0.0078125 
464 1.00602 1.27395 0.0698385 0.0862762 0.00844568 74.9761 0.136931 0.0177627 0.0705302 3.23044e-08 -0.0355446 0.0078125 
465 1.15072 0.926914 0.0731631 0.120148 0.0115598 83.9496 0.137886 0.0177455 0.0713262 3.23044e-08 -0.0355446 0.0078125 
466 1.39878 0.853721 0.0921316 0.120775 0.0116071 83.9185 0.145286 0.0181126 0.09271 3.23044e-08 -0.0355446 0.0078125 
467 1.38592 0.785143 0.0916589 0.119201 0.0115149 91.3843 0.150151 0.0186143 0.0978179 3.23044e-08 -0.0355446 0.0078125 
468 1.33621 0.787558 0.0946469 0.119835 0.0116933 97.225 0.15365 0.0184719 0.0983453 3.23044e-08 -0.0355446 0.0078125 
469 1.36024 0.745656 0.084031 0.107456 0.01052 106.412 0.150727 0.0164965 0.117164 3.23044e-08 -0.0355446 0.0078125 
470 1.2292 0.818992 0.0852638 0.10837 0.0105334 95.5782 0.1262 0.0175941 0.112406 3.23044e-08 -0.0355446 0.0078125 
471 1.16148 0.932028 0.0838996 0.108766 0.0105063 89.1585 0.0916042 0.018833 0.103418 2.90509e-08 -0.0377702 0.0078125 
472 1.08393 0.837473 0.0780123 0.107339 0.0105283 80.2869 0.0960331 0.0161159 0.104164 2.90509e-08 -0.0377702 0.0078125 
473 1.1035 0.850962 0.0773543 0.10907 0.0107505 89.2937 0.104363 0.0160655 0.107266 3.31082e-08 -0.0390359 0.0078125 
474 1.01208 0.779752 0.0902701 0.113868 0.0114054 85.976 0.118386 0.0155603 0.109056 3.31082e-08 -0.0390359 0.0078125 
475 0.960215 1.04075 0.0928645 0.0920267 0.00939314 85.1496 0.115435 0.0169905 0.109733 3.31082e-08 -0.0390359 0.0078125 
476 0.657528 0.948766 0.0763702 0.0900344 0.00922778 86.1174 0.110244 0.0152504 0.0793282 3.78187e-08 -0.0398559 0.0078125 
477 0.714128 1.14008 0.0732158 0.087138 0.0088938 90.8663 0.109053 0.0157243 0.0825442 3.78187e-08 -0.0398559 0.0078125 
478 0.958068 1.18007 0.0730958 0.0821152 0.00824339 78.0211 0.106513 0.0161213 0.0731227 3.2775e-08 -0.0404982 0.0078125 
479 0.962423 1.17276 0.0714176 0.127171 0.0132182 70.8902 0.110944 0.0193254 0.0593571 3.2775e-08 -0.0404982 0.0078125 
480 0.978713 1.10883 0.0734653 0.13068 0.0135433 81.9216 0.105535 0.018525 0.0844033 3.2775e-08 -0.0404982 0.0078125 
481 0.975616 1.03078 0.0717012 0.130575 0.0135633 83.864 0.10549 0.017466 0.0792051 3.64182e-08 -0.0417633 0.0078125 
482 0.975459 1.06024 0.0820583 0.156647 0.0164895 83.4191 0.127577 0.0232106 0.0884986 3.64182e-08 -0.0417633 0.0078125 
483 0.907418 1.03585 0.0816257 0.154451 0.0162016 71.232 0.117709 0.0232683 0.099455 4.12209e-08 -0.0425108 0.0078125 
484 0.91213 1.07243 0.0829871 0.149679 0.0157579 71.6527 0.111602 0.0229284 0.113481 4.12209e-08 -0.0425108 0.0078125 
485 0.91602 0.845724 0.0797089 0.144709 0.0153267 73.5073 0.107957 0.0205098 0.112577 4.12209e-08 -0.0425108 0.0078125 
486 0.942899 0.77457 0.0601682 0.144178 0.0153059 79.2596 0.117663 0.0197434 0.103611 3.7678e-08 -0.0434923 0.0078125 
487 0.862424 0.93533 0.0614853 0.147948 0.0157021 69.4715 0.114848 0.0215345 0.091873 3.7678e-08 -0.0434923 0.0078125 
488 0.666299 0.87917 0.0668617 0.147453 0.0156015 62.2018 0.116563 0.0206885 0.0849738 4.3312e-08 -0.0445552 0.0078125 
489 0.51867 0.890538 0.064685 0.125732 0.0133313 63.1131 0.117488 0.019532 0.0839836 4.3312e-08 -0.0445552 0.0078125 
490 0.494287 0.942527 0.0728896 0.125687 0.0134879 58.9787 0.117087 0.0209886 0.0944802 4.3312e-08 -0.0445552 0.0078125 
491 0.740537 0.98167 0.0656832 0.121851 0.0131018 58.1639 0.138314 0.0210828 0.0922098 3.3464e-08 -0.0450629 0.0078125 
492 0.806916 1.07068 0.0632211 0.0801666 0.00869263 58.3243 0.118408 0.0158338 0.0949875 3.3464e-08 -0.0450629 0.0078125 
493 0.794717 1.3344 0.0635762 0.0893788 0.00979646 69.3971 0.120646 0.0158288 0.0890249 3.3464e-08 -0.0450629 0.0078125 
494 0.890712 1.55436 0.057781 0.0899565 0.00981307 83.784 0.123289 0.0167396 0.0866174 3.8702e-08 -0.0458603 0.0078125 
495 0.887213 1.56603 0.0573092 0.0946331 0.0104319 82.7664 0.125873 0.0174925 0.0870439 3.8702e-08 -0.0458603 0.0078125 
496 0.918383 1.60611 0.054751 0.0952438 0.0105967 112.93 0.127248 0.0165249 0.0901266 3.52556e-08 -0.0472401 0.0078125 
497 0.920542 1.60352 0.12346 0.0807158 0.00902412 123.192 0.119182 0.0158618 0.100186 3.52556e-08 -0.0472401 0.0078125 
498 0.948436 1.59406 0.129604 0.0939453 0.0107637 122.762 0.111104 0.0167121 0.111558 3.52556e-08 -0.0472401 0.0078125 
499 1.26097 1.57573 0.131983 0.0823905 0.00974124 124.365 0.107203 0.014383 0.11058 4.13192e-08 -0.0478963 0.0078125 
500 1.25974 1.56856 0.134742 0.130485 0.016312 123.849 0.152879 0.0173349 0.113203 4.13192e-08 -0.0478963 0.0078125 
501 1.11343 1.50823 0.134882 0.132842 0.0166171 129.125 0.142816 0.0162524 0.12499 4.58084e-08 -0.049135 0.0078125 
502 1.09433 1.55314 0.15156 0.14348 0.0178777 139.275 0.145146 0.0202736 0.125269 4.58084e-08 -0.049135 0.0078125 
503 1.11668 1.27131 0.151893 0.146883 0.0184853 140.65 0.138777 0.0213427 0.153108 4.58084e-08 -0.049135 0.0078125 
504 1.15756 1.01961 0.145906 0.147753 0.0186473 135.102 0.141822 0.0206091 0.136985 3.37276e-08 -0.049848 0.0078125 
505 1.16797 1.00342 0.152285 0.150433 0.0189949 139.098 0.137436 0.0218429 0.137 3.37276e-08 -0.049848 0.0078125 
506 1.06842 1.22781 0.155562 0.149284 0.0187141 110.074 0.119891 0.0236712 0.165024 2.88486e-08 -0.050225 0.0078125 
507 1.07685 1.42559 0.117712 0.149998 0.0187675 104.543 0.122864 0.0278794 0.164524 2.88486e-08 -0.050225 0.0078125 
508 1.02698 1.41501 0.109898 0.148285 0.0186739 112.181 0.139611 0.0281356 0.145967 2.88486e-08 -0.050225 0.0078125 
509 1.00612 1.47793 0.0958594 0.14516 0.018299 133.083 0.172453 0.0278414 0.138034 2.99602e-08 -0.0511687 0.0078125 
510 1.01394 1.46428 0.118302 0.11103 0.0138284 136.77 0.146621 0.026973 0.135104 2.99602e-08 -0.0511687 0.0078125 
511 1.0108 1.52114 0.135202 0.123462 0.0154202 132.141 0.144834 0.0292218 0.147019 2.99602e-08 -0.0511687 0.0078125 
512 1.29989 1.51521 0.146846 0.106965 0.0134125 119.716 0.152893 0.0268842 0.156617 2.88762e-08 -0.0522274 0.0078125 
513 1.32353 1.54612 0.147043 0.096818 0.0121366 112.318 0.154115 0.0261317 0.139273 2.88762e-08 -0.0522274 0.0078125 
514 1.23942 1.54462 0.154496 0.094958 0.0119459 112.531 0.148827 0.0258709 0.139726 2.87609e-08 -0.0531135 0.0078125 
515 1.23314 1.5391 0.15272 0.0841916 0.0107031 108.549 0.148472 0.0241131 0.139877 2.87609e-08 -0.0531135 0.0078125 
516 1.23417 1.31711 0.154113 0.0990609 0.0125429 103.76 0.160086 0.0211912 0.110385 2.87609e-08 -0.0531135 0.0078125 
517 1.24143 0.913652 0.15266 0.101919 0.0129109 92.5253 0.159863 0.0173297 0.0799446 2.83501e-08 -0.0535615 0.0078125 
518 1.19826 0.990979 0.153361 0.111704 0.0141373 91.7197 0.154425 0.0207747 0.110737 2.83501e-08 -0.0535615 0.0078125 
519 0.940529 1.12827 0.145685 0.111968 0.0140466 63.5183 0.109602 0.0230914 0.111752 3.52166e-08 -0.0550056 0.0078125 
520 1.05186 1.11514 0.138226 0.107477 0.0134045 54.5759 0.119408 0.0217339 0.131729 3.52166e-08 -0.0550056 0.0078125 
521 1.05224 1.15475 0.121686 0.0952513 0.0117551 56.5386 0.112083 0.0188447 0.118709 3.52166e-08 -0.0550056 0.0078125 
522 0.739458 1.12072 0.0758148 0.0955397 0.011784 50.5197 0.100783 0.0184744 0.101491 3.68342e-08 -0.0564131 0.0078125 
523 0.684627 1.12508 0.0758167 0.098905 0.0120481 50.3144 0.0928066 0.01847 0.100969 3.68342e-08 -0.0564131 0.0078125 
524 0.773402 1.2062 0.0711913 0.0984723 0.0119562 45.2498 0.104163 0.0187858 0.104178 3.37543e-08 -0.0570066 0.0078125 
525 0.776513 1.21133 0.0757765 0.0945025 0.0114625 47.5462 0.10144 0.018389 0.103679 3.37543e-08 -0.0570066 0.0078125 
526 0.782533 1.28616 0.0747233 0.0850272 0.0102362 32.8414 0.0889296 0.0182816 0.0978866 3.37543e-08 -0.0570066 0.0078125 
527 0.7829 1.30534 0.0677699 0.0826785 0.0098175 34.8785 0.0878261 0.0175062 0.0890673 3.19393e-08 -0.0579478 0.0078125 
528 0.783266 1.26497 0.0757825 0.0760764 0.00831483 49.6542 0.0837515 0.0136384 0.0874374 3.19393e-08 -0.0579478 0.0078125 
529 0.627542 1.07265 0.0636896 0.082852 0.00903012 49.8313 0.0716215 0.0113322 0.082761 3.19393e-08 -0.0579478 0.0078125 
530 0.604254 1.17664 0.0616769 0.0900542 0.00977741 52.9598 0.0600111 0.0139227 0.0853069 3.48461e-08 -0.0595996 0.0078125 
531 0.589891 1.16666 0.0728614 0.0831093 0.00871436 51.1403 0.0559989 0.0141877 0.0784267 3.48461e-08 -0.0595996 0.0078125 
532 0.561342 1.35579 0.0699778 0.0860103 0.00913252 54.5772 0.0606254 0.0142567 0.081357 3.93181e-08 -0.0603471 0.0078125 
533 0.582727 1.26458 0.078955 0.109526 0.0118021 62.3104 0.116152 0.0162756 0.0813828 3.93181e-08 -0.0603471 0.0078125 
534 0.432433 1.2401 0.0769947 0.110119 0.0118487 61.7777 0.106723 0.0161154 0.0764496 3.93181e-08 -0.0603471 0.0078125 
535 0.446124 1.22015 0.0789234 0.114549 0.0122935 60.819 0.115319 0.0168146 0.080697 3.85001e-08 -0.0613294 0.0078125 
536 0.45972 1.1385 0.0781744 0.132152 0.0139522 66.9897 0.116668 0.0182915 0.078152 3.85001e-08 -0.0613294 0.0078125 
537 0.509189 1.04741 0.0832069 0.128507 0.0136098 63.5937 0.126893 0.0171199 0.071505 3.85001e-08 -0.0613294 0.0078125 
538 0.635603 1.12042 0.0664258 0.130035 0.0138294 55.7414 0.131025 0.018656 0.0715518 3.94379e-08 -0.0634155 0.0078125 
539 0.606751 0.981013 0.0668427 0.155789 0.0164585 55.0209 0.144097 0.0180982 0.0679419 3.94379e-08 -0.0634155 0.0078125 
540 0.558857 0.991898 0.0666332 0.147821 0.0156264 52.2967 0.143464 0.017793 0.0567361 3.94379e-08 -0.0634155 0.0078125 
541 0.569262 0.994758 0.0581076 0.14296 0.0151811 49.1531 0.143391 0.0172394 0.0572448 4.91831e-08 -0.0654177 0.0078125 
542 0.564573 0.705393 0.0600473 0.156636 0.0165032 50.875 0.147776 0.0239132 0.0683193 4.91831e-08 -0.0654177 0.0078125 
543 0.518121 0.685542 0.0455824 0.144346 0.014973 32.3259 0.118762 0.0221238 0.0711706 5.18048e-08 -0.0674733 0.0078125 
544 0.521231 0.607186 0.0500503 0.144365 0.0149979 49.8675 0.118692 0.0217498 0.0721275 5.18048e-08 -0.0674733 0.0078125 
545 0.536193 0.651001 0.0461022 0.138409 0.0144001 48.4718 0.111714 0.0224386 0.0626782 5.14127e-08 -0.0692586 0.0078125 
546 0.730909 0.742728 0.0559998 0.12464 0.0131 41.2993 0.120869 0.0225665 0.0668042 5.14127e-08 -0.0692586 0.0078125 
547 0.766545 0.750494 0.0530049 0.13036 0.0138156 59.113 0.140982 0.0219671 0.0577588 5.14127e-08 -0.0692586 0.0078125 
548 0.703807 0.742905 0.0578394 0.130095 0.0138271 59.9034 0.146937 0.0219066 0.0587144 4.81251e-08 -0.0716573 0.0078125 
549 0.728229 0.772361 0.0735591 0.101906 0.0110398 63.5989 0.146104 0.0198109 0.0601882 4.81251e-08 -0.0716573 0.0078125 
550 0.757129 0.845432 0.0700106 0.102453 0.0110875 64.5113 0.149498 0.0203403 0.0517396 4.81251e-08 -0.0716573 0.0078125 
551 0.759787 0.836295 0.0694043 0.102671 0.0111252 64.9485 0.150307 0.0196816 0.0505666 5.08038e-08 -0.0732056 0.0078125 
552 0.812722 0.817494 0.0698716 0.0946954 0.0103709 63.3391 0.146565 0.0164355 0.0479024 5.08038e-08 -0.0732056 0.0078125 
553 0.84321 0.890758 0.0702497 0.0946801 0.0103522 73.8138 0.142665 0.0161797 0.0550736 5.40132e-08 -0.0754752 0.0078125 
554 1.04893 1.02569 0.0881589 0.104715 0.011188 70.4981 0.142803 0.0194724 0.0523047 5.40132e-08 -0.0754752 0.0078125 
555 1.08083 1.1343 0.0886298 0.100911 0.0107937 70.4854 0.149731 0.0175864 0.0532285 5.40132e-08 -0.0754752 0.0078125 
556 0.92512 1.07409 0.0831523 0.100264 0.0107138 70.6008 0.131471 0.015549 0.0445313 5.25389e-08 -0.0774506 0.0078125 
557 0.88699 1.03645 0.0789889 0.0987515 0.0104293 56.7396 0.111918 0.0157472 0.0437365 5.25389e-08 -0.0774506 0.0078125 
558 0.973523 1.07133 0.0746202 0.105276 0.0110372 53.5684 0.0982049 0.0154916 0.042848 5.2911e-08 -0.0793176 0.0078125 
559 0.977819 1.25846 0.060409 0.112373 0.011539 51.9481 0.0829124 0.020849 0.0333975 5.2911e-08 -0.0793176 0.0078125 
560 0.939398 1.44029 0.0622559 0.12098 0.0123938 52.5675 0.0890536 0.0228767 0.0333332 5.2911e-08 -0.0793176 0.0078125 
561 0.984487 1.42036 0.0726445 0.122725 0.0125347 52.9699 0.088299 0.0227919 0.0342062 5.45887e-08 -0.0815748 0.0078125 
562 1.18451 1.40173 0.0735437 0.134477 0.0135159 59.9985 0.0882227 0.0228573 0.0404787 5.45887e-08 -0.0815748 0.0078125 
563 1.1631 1.43843 0.0751492 0.13063 0.0131765 49.2011 0.0880289 0.0231313 0.0341377 5.62399e-08 -0.0836092 0.0078125 
564 0.948806 1.37201 0.0561361 0.123773 0.0124588 46.9334 0.084907 0.0213776 0.0440696 5.62399e-08 -0.0836092 0.0078125 
565 0.970637 1.26062 0.0594224 0.126449 0.0126691 51.1052 0.0783053 0.0219823 0.0406769 5.62399e-08 -0.0836092 0.0078125 
566 0.979404 1.27234 0.0622072 0.129211 0.0129378 55.522 0.0786552 0.0224155 0.0392601 5.07744e-08 -0.0856053 0.0078125 
567 1.19569 1.32839 0.0681737 0.135624 0.0136257 55.6051 0.0823401 0.0238331 0.0455751 5.07744e-08 -0.0856053 0.0078125 
568 1.07561 1.37786 0.0822479 0.127641 0.0127949 56.8731 0.0829309 0.023996 0.0524472 5.07744e-08 -0.0856053 0.0078125 
569 1.07372 1.36119 0.0799594 0.108836 0.0107678 57.9758 0.0653667 0.0207227 0.0521704 5.17389e-08 -0.0877047 0.0078125 
570 1.08839 0.971156 0.0802989 0.099316 0.00990824 70.7404 0.0567943 0.0156803 0.0578405 5.17389e-08 -0.0877047 0.0078125 
571 1.08606 1.25979 0.0758541 0.0993953 0.00983329 74.4235 0.0522301 0.0176027 0.0585406 5.48421e-08 -0.0902056 0.0078125 
572 0.897561 1.26537 0.0824463 0.077714 0.00761664 78.0886 0.0575529 0.0163631 0.0888853 5.48421e-08 -0.0902056 0.0078125 
573 1.47981 1.37887 0.0801504 0.0931484 0.00926093 75.0673 0.0585459 0.0186399 0.0879853 5.48421e-08 -0.0902056 0.0078125 
574 1.48374 1.41861 0.078939 0.0912685 0.00912781 70.6227 0.0568217 0.0189066 0.0755695 7.74119e-08 -0.0928247 0.0078125 
575 1.47605 1.34395 0.0712063 0.0921292 0.009205 69.1809 0.0554846 0.0179888 0.0740207 7.74119e-08 -0.0928247 0.0078125 
576 1.47645 1.32655 0.0780021 0.0906877 0.00906997 66.3513 0.0581176 0.0175433 0.086065 7.74119e-08 -0.0928247 0.0078125 
577 1.37759 1.31157 0.0778579 0.0755112 0.00753809 67.8505 0.0553906 0.0151834 0.0856219 6.67121e-08 -0.0951759 0.0078125 
578 1.39438 1.2723 0.0675032 0.0742428 0.00751476 65.5295 0.0623347 0.0143048 0.0846208 6.67121e-08 -0.0951759 0.0078125 
579 1.45609 1.13162 0.0675418 0.074092 0.00750649 66.0268 0.0663749 0.0134404 0.0845765 7.47166e-08 -0.0971081 0.0078125 
580 1.42224 1.07602 0.0754689 0.0991776 0.0102352 32.6341 0.0884846 0.0136712 0.0809589 7.47166e-08 -0.0971081 0.0078125 
581 1.43815 0.930624 0.0769133 0.0980367 0.0102929 35.4391 0.0966164 0.0120529 0.0826276 7.41956e-08 -0.0986899 0.0078125 
582 1.4358 1.12493 0.063473 0.0968439 0.0103495 33.7798 0.0945581 0.0145869 0.06509 7.41956e-08 -0.0986899 0.0078125 
583 0.70587 1.01938 0.0617096 0.0967001 0.0109134 36.1077 0.106968 0.0119419 0.0649532 7.41956e-08 -0.0986899 0.0078125 
584 0.80299 1.06467 0.0578254 0.0985696 0.0110663 41.6284 0.108917 0.013572 0.0751383 7.84402e-08 -0.100373 0.0078125 
585 0.98048 1.02443 0.0669251 0.113398 0.0126677 52.5861 0.108613 0.0142168 0.07386 7.84402e-08 -0.100373 0.0078125 
586 0.988441 1.07785 0.0778054 0.112646 0.0126053 53.4097 0.109958 0.0151074 0.0783347 7.84402e-08 -0.100373 0.0078125 
587 0.936543 1.13863 0.0814395 0.111571 0.0124709 51.9351 0.111141 0.0154757 0.0873442 7.93865e-08 -0.102259 0.0078125 
588 0.88763 1.27305 0.0806532 0.113115 0.0126978 63.7066 0.106078 0.0154305 0.0952788 7.93865e-08 -0.102259 0.0078125 
589 0.977264 1.30712 0.0809817 0.112969 0.0126859 61.7871 0.113091 0.0158244 0.0937954 8.70894e-08 -0.104945 0.0078125 
590 1.03929 1.26733 0.0628146 0.101994 0.0114089 58.8717 0.090615 0.0157709 0.0935532 8.70894e-08 -0.104945 0.0078125 
591 1.0097 1.36541 0.0675432 0.106552 0.0118776 58.8044 0.0835481 0.0180635 0.0980356 8.70894e-08 -0.104945 0.0078125 
592 1.10207 1.33743 0.063128 0.106978 0.0118307 64.2652 0.0826799 0.0176079 0.0838054 8.13337e-08 -0.107459 0.0078125 
593 1.28354 1.32227 0.0578509 0.0892569 0.00963597 67.2715 0.0898559 0.0170564 0.0737031 8.13337e-08 -0.107459 0.0078125 
594 1.27675 1.19265 0.0544709 0.0850957 0.00926131 60.7336 0.0946694 0.0147071 0.071498 8.2523e-08 -0.109063 0.0078125 
595 1.14394 1.20289 0.0750667 0.0674088 0.00731384 56.5122 0.0937168 0.0145037 0.0933825 8.2523e-08 -0.109063 0.0078125 
596 1.17409 1.18932 0.0742956 0.0696966 0.00759348 56.4295 0.101405 0.0140161 0.0957613 8.2523e-08 -0.109063 0.0078125 
597 1.16007 1.39749 0.0940165 0.0721704 0.00781117 60.2762 0.0999084 0.0149267 0.0890363 8.89442e-08 -0.110352 0.0078125 
598 1.12957 1.36109 0.0961277 0.102804 0.0109322 66.1286 0.119449 0.0193035 0.127364 8.89442e-08 -0.110352 0.0078125 
599 0.918347 1.35174 0.0961967 0.114625 0.0122928 76.7226 0.128402 0.0194173 0.137921 9.36693e-08 -0.113078 0.0078125 
600 0.971923 1.35098 0.090713 0.115631 0.0124429 82.6216 0.127406 0.019771 0.146214 9.36693e-08 -0.113078 0.0078125 
601 1.19345 1.16354 0.0816304 0.108856 0.0116627 97.5276 0.127795 0.0170892 0.142458 9.36693e-08 -0.113078 0.0078125 
602 1.19237 1.07008 0.0824933 0.109244 0.0117262 100.432 0.126855 0.0168008 0.142117 7.18716e-08 -0.114053 0.0078125 
603 1.08665 1.09734 0.0767204 0.116176 0.0126004 103.2 0.126469 0.0168497 0.138829 7.18716e-08 -0.114053 0.0078125 
604 1.0894 1.10321 0.0563906 0.124155 0.0136163 102.137 0.144502 0.0171569 0.137407 1.00046e-07 -0.117107 0.0078125 
605 1.17444 1.10176 0.0571404 0.130499 0.0144036 101.035 0.144749 0.0174363 0.135217 1.00046e-07 -0.117107 0.0078125 
606 1.1491 1.26964 0.0577024 0.127463 0.0140381 100.688 0.139735 0.0186522 0.13457 1.00046e-07 -0.117107 0.0078125 
607 1.34943 1.15564 0.0746848 0.140131 0.0161288 100.229 0.139108 0.0240341 0.144714 1.13661e-07 -0.11726 0.0078125 
608 1.3467 1.58046 0.0765807 0.148728 0.0182554 79.7088 0.154308 0.0328854 0.115142 1.13661e-07 -0.11726 0.0078125 
609 1.29591 2.10088 0.0724377 0.141177 0.0174475 89.2774 0.130857 0.03383 0.100898 1.13661e-07 -0.11726 0.0078125 
610 1.41371 2.10056 0.0650999 0.128661 0.0161548 89.6736 0.132611 0.0332465 0.0725077 1.08841e-07 -0.120415 0.0078125 
611 1.31949 2.1049 0.0760599 0.127723 0.0165634 72.5003 0.139487 0.0328644 0.0631221 1.08841e-07 -0.120415 0.0078125 
612 1.04858 2.08492 0.0775308 0.128785 0.0167351 60.9939 0.11108 0.0330544 0.0569851 1.13168e-07 -0.12051 0.0078125 
613 1.04403 2.09212 0.0865536 0.128979 0.0167654 60.4457 0.117676 0.0330533 0.0723658 1.13168e-07 -0.12051 0.0078125 
614 1.06243 2.08905 0.0920011 0.132433 0.0173233 61.4622 0.125722 0.0336868 0.0873319 1.13168e-07 -0.12051 0.0078125 
615 0.976143 2.22842 0.090879 0.128218 0.0168399 61.9844 0.143637 0.0347114 0.0891004 1.03646e-07 -0.121829 0.0078125 
616 0.996019 2.09243 0.093251 0.145459 0.0191158 71.3661 0.147316 0.0346851 0.0927249 1.03646e-07 -0.121829 0.0078125 
617 0.839041 2.06403 0.0577806 0.138669 0.0184786 69.4463 0.160185 0.031181 0.0721594 1.22433e-07 -0.123764 0.0078125 
618 0.871884 1.53322 0.0575318 0.107362 0.0145294 69.8153 0.143267 0.0149325 0.0722478 1.22433e-07 -0.123764 0.0078125 
619 0.855612 0.997176 0.0592319 0.104802 0.0142685 66.0246 0.132962 0.0175004 0.0621451 1.22433e-07 -0.123764 0.0078125 
620 0.50819 1.03304 0.0365944 0.103231 0.0139999 61.5046 0.104788 0.0178742 0.0604887 1.2861e-07 -0.127358 0.0078125 
621 0.638132 1.02662 0.0732958 0.127323 0.0175483 57.9063 0.104978 0.0187076 0.0957726 1.2861e-07 -0.127358 0.0078125 
622 0.852745 1.03018 0.0786224 0.128971 0.017801 71.4743 0.144665 0.0187095 0.124209 1.2861e-07 -0.127358 0.0078125 
623 1.00509 1.0579 0.0970692 0.128994 0.0178156 71.7669 0.154482 0.0198915 0.13317 1.33968e-07 -0.130092 0.0078125 
624 1.18465 1.10194 0.100399 0.129279 0.0177002 75.7111 0.156917 0.0219277 0.146235 1.33968e-07 -0.130092 0.0078125 
625 1.14905 0.920075 0.0980844 0.132578 0.017789 101.141 0.151517 0.0209972 0.162371 1.25169e-07 -0.134068 0.0078125 
626 1.15269 1.1455 0.134862 0.134143 0.0172776 120.466 0.151877 0.0268114 0.139629 1.25169e-07 -0.134068 0.0078125 
627 1.47861 1.19901 0.131425 0.139703 0.0174471 122.822 0.150585 0.0266094 0.134682 1.25169e-07 -0.134068 0.0078125 
628 1.47515 1.34095 0.122865 0.140578 0.0171227 123.121 0.141655 0.0287712 0.111865 1.38451e-07 -0.137185 0.0078125 
629 1.47694 1.19303 0.10331 0.131573 0.0156637 127.981 0.137788 0.0243719 0.10287 1.38451e-07 -0.137185 0.0078125 
630 1.54413 1.19316 0.0859237 0.131519 0.0156468 134.165 0.14025 0.0243712 0.101579 1.21161e-07 -0.143016 0.0078125 
631 1.5126 1.06705 0.103447 0.116469 0.0130633 139.605 0.138612 0.0244006 0.136273 1.21161e-07 -0.143016 0.0078125 
632 1.42681 1.02589 0.138355 0.118372 0.0132403 132.303 0.116062 0.0250291 0.161934 1.21161e-07 -0.143016 0.0078125 
633 1.29098 1.05046 0.154262 0.121985 0.0136154 135.556 0.101962 0.0248625 0.165464 1.23685e-07 -0.149267 0.0078125 
634 1.2687 0.957472 0.15478 0.120979 0.0133732 135.239 0.100595 0.0227382 0.154457 1.23685e-07 -0.149267 0.0078125 
635 1.26874 1.09311 0.15831 0.116054 0.0130107 108.598 0.0951814 0.023756 0.130889 1.23685e-07 -0.149267 0.0078125 
636 1.27601 0.982145 0.108881 0.0848954 0.00950923 85.8247 0.0810364 0.0172909 0.125742 1.49065e-07 -0.156442 0.0078125 
637 0.871005 1.04065 0.103292 0.109726 0.0130972 71.9728 0.13137 0.0179367 0.0900792 1.49065e-07 -0.156442 0.0078125 
638 0.921416 0.870727 0.0851418 0.103058 0.0123083 73.2524 0.131111 0.0136181 0.08209 1.49065e-07 -0.156442 0.0078125 
639 0.965809 0.879854 0.0744626 0.103548 0.0123818 70.3335 0.131968 0.0140263 0.0795728 1.4139e-07 -0.159055 0.0078125 
640 1.05208 0.85901 0.0606299 0.11601 0.0138617 62.1433 0.130821 0.0143436 0.0782287 1.4139e-07 -0.159055 0.0078125 
641 1.02218 0.863228 0.0634534 0.114439 0.0137677 44.3539 0.136231 0.0140288 0.0744485 1.32048e-07 -0.163353 0.0078125 
642 1.00781 0.894753 0.0591007 0.121117 0.014669 43.0736 0.146526 0.0137238 0.069555 1.32048e-07 -0.163353 0.0078125 
643 0.996657 0.734153 0.0602695 0.119422 0.0146588 59.4293 0.143123 0.0151385 0.111567 1.3759e-07 -0.166138 0.0078125 
644 0.91301 0.831645 0.0842095 0.12207 0.0152088 61.8433 0.147184 0.0193804 0.144588 1.3759e-07 -0.166138 0.0078125 
645 0.913525 0.917377 0.0845313 0.122183 0.0152211 62.3412 0.146793 0.020889 0.145738 1.46472e-07 -0.170175 0.0078125 
646 0.880021 0.862077 0.0807024 0.136787 0.017216 61.6225 0.1591 0.0235683 0.145217 1.46472e-07 -0.170175 0.0078125 
647 0.977878 0.837389 0.0839824 0.120237 0.0153952 59.2972 0.128344 0.0226716 0.140701 1.46472e-07 -0.170175 0.0078125 
648 0.964499 0.983392 0.0843151 0.120373 0.0154195 62.6546 0.127569 0.0237507 0.145752 1.45122e-07 -0.173691 0.0078125 
649 1.10292 0.992604 0.131783 0.134273 0.0171185 68.9887 0.125331 0.0262587 0.153206 1.45122e-07 -0.173691 0.0078125 
650 1.03051 1.07591 0.135185 0.127673 0.0165855 65.438 0.140672 0.0285949 0.163981 1.36245e-07 -0.175429 0.0078125 
651 0.977536 1.06626 0.136538 0.128568 0.0167271 65.1901 0.135843 0.0289329 0.162444 1.36245e-07 -0.175429 0.0078125 
652 0.972389 1.06072 0.135803 0.12647 0.0164176 58.3924 0.132618 0.0289193 0.148851 1.36245e-07 -0.175429 0.0078125 
653 0.969295 1.06645 0.127299 0.123936 0.0160183 52.7103 0.128883 0.0277702 0.131066 1.33231e-07 -0.179544 0.0078125 
654 1.11426 0.878504 0.105591 0.124726 0.0159372 50.3622 0.15833 0.0220559 0.098997 1.33231e-07 -0.179544 0.0078125 
655 1.13809 1.03652 0.102212 0.124504 0.0159039 54.3298 0.159591 0.0237537 0.113914 1.33231e-07 -0.179544 0.0078125 
656 1.15374 1.15991 0.0894102 0.112547 0.0142999 55.4434 0.148962 0.0242978 0.116886 1.34277e-07 -0.184605 0.0078125 
657 1.04462 1.15766 0.0979849 0.103294 0.0130285 58.133 0.150152 0.0240558 0.116629 1.34277e-07 -0.184605 0.0078125 
658 1.05861 0.934269 0.0960065 0.103332 0.0130718 48.0945 0.15277 0.0212099 0.113392 1.39845e-07 -0.189602 0.0078125 
659 0.862347 0.929648 0.0593175 0.0972666 0.0124856 53.2928 0.153091 0.0198068 0.114956 1.39845e-07 -0.189602 0.0078125 
660 0.934426 0.889742 0.0555808 0.0908133 0.0116489 60.9402 0.148859 0.0173622 0.111228 1.39845e-07 -0.189602 0.0078125 
661 0.921761 0.886132 0.0696319 0.0888656 0.011347 59.6034 0.144793 0.0161457 0.1219 1.44757e-07 -0.192566 0.0078125 
662 0.876104 0.909967 0.0736485 0.0882841 0.0111374 60.2505 0.136245 0.0159431 0.127131 1.44757e-07 -0.192566 0.0078125 
663 0.873946 0.897151 0.0744403 0.091646 0.0115716 58.136 0.136316 0.0159766 0.124265 1.37632e-07 -0.195405 0.0078125 
664 0.678184 0.901943 0.0634136 0.0731517 0.00951274 55.7715 0.0839051 0.0154633 0.10305 1.37632e-07 -0.195405 0.0078125 
665 0.648191 0.805111 0.0612171 0.0818201 0.0104629 55.4946 0.0897154 0.0146406 0.0961264 1.37632e-07 -0.195405 0.0078125 
666 0.599078 0.658093 0.060698 0.081787 0.0104817 51.1162 0.087794 0.0136872 0.0844386 1.42229e-07 -0.201084 0.0078125 
667 0.584785 0.658572 0.0476378 0.0972393 0.012492 55.9823 0.0929841 0.0156019 0.0778415 1.42229e-07 -0.201084 0.0078125 
668 0.551629 0.709311 0.0479616 0.0975243 0.0125129 55.757 0.100556 0.0166187 0.0784181 1.72065e-07 -0.203659 0.0078125 
669 0.604776 0.706767 0.0477586 0.0871215 0.0110541 53.9118 0.101516 0.0159738 0.0801921 1.72065e-07 -0.203659 0.0078125 
670 0.43053 0.732034 0.0505057 0.0870894 0.0110197 49.8572 0.0789055 0.0159374 0.083037 1.72065e-07 -0.203659 0.0078125 
671 0.44475 0.763168 0.0350155 0.0901143 0.0113997 49.9787 0.0787376 0.0158985 0.0753457 1.69278e-07 -0.207688 0.0078125 
672 0.458002 0.967756 0.0257673 0.104058 0.0130135 41.6423 0.0817721 0.0160051 0.0412715 1.69278e-07 -0.207688 0.0078125 
673 0.517269 0.986203 0.0479979 0.106998 0.0133084 41.4104 0.0834076 0.0176086 0.0640639 1.69278e-07 -0.207688 0.0078125 
674 0.999886 0.959072 0.0497605 0.103451 0.0128498 40.7813 0.116887 0.017748 0.0655852 1.53201e-07 -0.213747 0.0078125 
675 0.999865 0.885466 0.0492361 0.0876433 0.0108945 40.8186 0.108327 0.0120103 0.0647631 1.53201e-07 -0.213747 0.0078125 
676 0.998937 0.891604 0.0496236 0.0885056 0.010851 34.8983 0.108129 0.0119657 0.0573982 1.66518e-07 -0.216127 0.0078125 
677 1.03799 0.910473 0.0596563 0.117324 0.0138522 23.6857 0.117279 0.0128352 0.0591066 1.66518e-07 -0.216127 0.0078125 
678 1.0308 0.90524 0.0637033 0.126688 0.014994 29.9345 0.111121 0.016068 0.082809 1.66518e-07 -0.216127 0.0078125 
679 1.0451 0.956575 0.0643864 0.127754 0.015102 36.1003 0.106989 0.0174162 0.0941898 1.66518e-07 -0.216127 0.0078125 
680 1.04924 1.00809 0.0627801 0.127277 0.0148728 36.2346 0.10777 0.0219323 0.0926788 1.7987e-07 -0.218807 0.0078125 
681 1.04582 1.00615 0.0657468 0.145147 0.0168633 36.684 0.127184 0.0232831 0.0927891 1.7987e-07 -0.218807 0.0078125 
682 1.05008 0.911383 0.0661193 0.138535 0.016076 35.5389 0.13071 0.024397 0.0926151 1.69268e-07 -0.223939 0.0078125 
683 0.991558 0.891006 0.060856 0.153237 0.0178715 39.4834 0.135889 0.0238075 0.0794421 1.69268e-07 -0.223939 0.0078125 
684 0.584523 0.87036 0.0591309 0.165589 0.0192231 39.9346 0.132428 0.0244799 0.0762529 1.73439e-07 -0.22958 0.0078125 
685 0.595545 0.803118 0.0587613 0.174938 0.0202478 39.0338 0.132942 0.0262981 0.07329 1.73439e-07 -0.22958 0.0078125 
686 0.735169 0.915794 0.0625988 0.192211 0.0222086 42.7405 0.203781 0.033039 0.0728422 1.73439e-07 -0.22958 0.0078125 
687 0.741028 1.14688 0.035195 0.178652 0.0206385 41.0686 0.228766 0.037872 0.0670797 1.73288e-07 -0.234074 0.0078125 
688 0.686693 1.1197 0.0456974 0.177467 0.0204487 36.1402 0.228973 0.037334 0.0631257 1.73288e-07 -0.234074 0.0078125 
689 0.636406 1.07171 0.0468334 0.183204 0.0212079 41.647 0.230933 0.0372678 0.0547465 1.83076e-07 -0.239196 0.0078125 
690 0.690482 1.00179 0.0466203 0.18131 0.0209604 49.9846 0.243547 0.0369514 0.0697661 1.83076e-07 -0.239196 0.0078125 
691 0.889089 1.11686 0.0492696 0.1738 0.0201345 50.9441 0.244672 0.037984 0.0694511 1.83076e-07 -0.239196 0.0078125 
692 0.875792 1.08748 0.0359929 0.17935 0.0207585 58.1048 0.245074 0.0369494 0.0680327 1.72715e-07 -0.242665 0.0078125 
693 0.99987 1.08152 0.069465 0.161247 0.0185971 56.9151 0.253283 0.0362756 0.0870189 1.72715e-07 -0.242665 0.0078125 
694 0.990612 1.14037 0.0775499 0.153043 0.0177412 57.068 0.24337 0.0368206 0.0910018 1.72715e-07 -0.242665 0.0078125 
695 0.991363 1.14499 0.0822517 0.141403 0.0164935 57.5431 0.24338 0.0356255 0.092042 1.80762e-07 -0.244815 0.0078125 
696 0.853548 1.10148 0.0805442 0.105516 0.012553 54.9605 0.166021 0.027643 0.0919555 1.80762e-07 -0.244815 0.0078125 
697 0.828567 0.942083 0.0805131 0.081315 0.00969932 55.3874 0.136994 0.0200515 0.0921132 2.02102e-07 -0.248699 0.0078125 
698 0.85517 1.04277 0.0742088 0.13576 0.0160882 58.7091 0.150097 0.0281368 0.0795632 2.02102e-07 -0.248699 0.0078125 
699 0.845667 1.04 0.0695597 0.13176 0.0155472 40.8069 0.151029 0.0273949 0.0799085 2.02102e-07 -0.248699 0.0078125 
700 0.816167 1.08814 0.068658 0.133054 0.0156737 39.204 0.139916 0.0275337 0.0659505 2.01378e-07 -0.253855 0.0078125 
701 0.558642 1.00862 0.05791 0.135796 0.0159875 34.3946 0.122157 0.025784 0.0670269 2.01378e-07 -0.253855 0.0078125 
702 0.844714 1.16744 0.05791 0.138092 0.0162622 34.3938 0.17048 0.0291733 0.0641867 2.01378e-07 -0.253855 0.0078125 
703 0.917504 1.25604 0.0478925 0.133637 0.0157327 34.4111 0.159965 0.0291666 0.0558414 2.42304e-07 -0.272826 0.0078125 
704 0.949489 1.15092 0.0415017 0.139477 0.0166128 35.6168 0.175251 0.0272493 0.0502138 2.42304e-07 -0.272826 0.0078125 
705 0.934709 1.17823 0.0491871 0.155569 0.0186765 35.5807 0.18329 0.0299094 0.0578645 2.34518e-07 -0.281493 0.0078125 
706 0.968412 1.17482 0.0526392 0.167884 0.0202956 39.9723 0.181017 0.0328527 0.0728137 2.34518e-07 -0.281493 0.0078125 
707 0.98069 1.19514 0.0525672 0.172238 0.0209548 38.1112 0.188784 0.0327747 0.0692033 2.37508e-07 -0.291122 0.0078125 
708 0.983731 1.13704 0.0494099 0.148419 0.0182677 35.6854 0.195985 0.0279418 0.0755985 2.37508e-07 -0.291122 0.0078125 
709 1.06153 1.24241 0.0499976 0.155615 0.0192547 38.9132 0.195245 0.0314529 0.0759138 2.37508e-07 -0.291122 0.0078125 
710 1.08558 1.23096 0.0604256 0.158683 0.0196793 40.9025 0.203516 0.0327609 0.0756967 2.16652e-07 -0.298533 0.0078125 
711 1.21974 1.25088 0.0643286 0.173367 0.0219484 55.006 0.203552 0.0356186 0.0781349 2.16652e-07 -0.298533 0.0078125 
712 1.17142 1.0631 0.0637007 0.164006 0.0208738 57.7123 0.165761 0.0322314 0.068566 2.31974e-07 -0.305235 0.0078125 
713 1.05947 1.02861 0.0641202 0.16351 0.0207574 70.2048 0.13318 0.0323517 0.0820668 2.31974e-07 -0.305235 0.0078125 
714 1.05773 1.08255 0.0614429 0.159528 0.0202791 70.0386 0.127477 0.0332576 0.0813589 2.31974e-07 -0.305235 0.0078125 
715 1.56226 1.12132 0.0932895 0.161217 0.0205391 104.568 0.135522 0.0348604 0.0794954 2.27823e-07 -0.309488 0.0078125 
716 1.61663 1.04485 0.112649 0.137326 0.0176223 121.637 0.146733 0.0278838 0.14192 2.27823e-07 -0.309488 0.0078125 
717 1.96664 0.923569 0.112658 0.136694 0.0175404 122.124 0.164364 0.0270704 0.143028 2.52629e-07 -0.319396 0.0078125 
718 2.1445 1.39191 0.113937 0.135763 0.0174229 122.591 0.166601 0.0308708 0.142623 2.52629e-07 -0.319396 0.0078125 
719 2.14071 1.45294 0.113597 0.142433 0.0184141 122.541 0.165625 0.0322481 0.142621 2.52629e-07 -0.319396 0.0078125 
720 2.14498 1.68805 0.108216 0.149045 0.0193528 122.421 0.164428 0.0363323 0.141554 2.43807e-07 -0.323818 0.0078125 
721 2.04483 1.89884 0.105394 0.105976 0.0137145 110.579 0.165809 0.0303742 0.138233 2.43807e-07 -0.323818 0.0078125 
722 2.13898 2.04002 0.107311 0.135068 0.0174904 110.288 0.157791 0.0355295 0.139045 2.43807e-07 -0.323818 0.0078125 
723 2.05842 2.05243 0.119665 0.133185 0.0173062 92.2638 0.149988 0.0356116 0.142395 2.35241e-07 -0.332812 0.0078125 
724 2.12878 2.0155 0.120131 0.133594 0.017341 86.8622 0.156109 0.0347775 0.142495 2.35241e-07 -0.332812 0.0078125 
